date,close,high,low,open,volume
2010-11-25,6.141,6.861,5.964,6.488,238977.000
2010-11-26,6.458,6.613,6.178,6.289,161465.000
2010-11-29,6.138,6.397,6.111,6.348,86212.000
2010-11-30,6.290,6.301,5.999,6.114,81581.000
2010-12-01,6.159,6.488,6.116,6.306,72168.000
2010-12-02,5.902,6.214,5.864,6.190,75030.000
2010-12-03,5.738,5.863,5.522,5.827,59276.000
2010-12-06,5.592,5.775,5.552,5.658,25205.000
2010-12-07,5.594,5.619,5.440,5.551,25552.000
2010-12-08,5.576,5.660,5.466,5.572,21930.000
2010-12-09,5.345,5.532,5.327,5.501,23080.000
2010-12-10,5.334,5.344,5.243,5.302,20551.000
2010-12-13,5.428,5.434,5.328,5.384,20671.000
2010-12-14,5.561,5.577,5.354,5.430,27396.000
2010-12-15,5.440,5.546,5.428,5.525,18971.000
2010-12-16,5.478,5.577,5.398,5.428,16679.000
2010-12-17,5.484,5.550,5.436,5.441,13197.000
2010-12-20,5.519,5.612,5.406,5.496,24351.000
2010-12-21,5.635,5.720,5.526,5.526,37175.000
2010-12-22,5.503,5.629,5.475,5.571,21559.000
2010-12-23,5.204,5.527,5.198,5.494,41800.000
2010-12-24,5.011,5.178,4.968,5.178,23808.000
2010-12-27,4.936,5.091,4.865,5.010,18926.000
2010-12-28,4.847,4.936,4.841,4.929,11706.000
2010-12-29,4.954,4.976,4.851,4.865,10952.000
2010-12-30,4.929,4.977,4.862,4.949,10474.000
2010-12-31,5.003,5.035,4.931,4.931,10883.000
2011-01-04,5.026,5.062,4.992,5.023,10633.000
2011-01-05,5.005,5.075,4.991,4.991,8352.000
2011-01-06,4.905,5.040,4.885,4.997,10261.000
2011-01-07,4.891,4.949,4.855,4.929,14436.000
2011-01-10,4.789,4.885,4.785,4.866,11942.000
2011-01-11,4.654,4.786,4.617,4.743,12013.000
2011-01-12,4.840,4.865,4.654,4.668,13495.000
2011-01-13,4.769,4.840,4.764,4.840,7310.000
2011-01-14,4.716,4.826,4.713,4.748,9301.000
2011-01-17,4.667,4.791,4.658,4.709,10271.000
2011-01-18,4.701,4.735,4.655,4.669,6474.000
2011-01-19,4.765,4.771,4.706,4.728,7106.000
2011-01-20,4.411,4.765,4.398,4.765,16611.000
2011-01-21,4.424,4.449,4.328,4.411,8964.000
2011-01-25,4.377,4.393,4.236,4.317,8097.000
2011-01-26,4.418,4.503,4.368,4.368,5783.000
2011-01-27,4.469,4.488,4.320,4.386,8110.000
2011-01-28,4.467,4.492,4.426,4.426,4975.000
2011-01-31,4.434,4.453,4.368,4.439,8508.000
2011-02-01,4.522,4.579,4.415,4.417,9624.000
2011-02-09,4.531,4.564,4.407,4.491,7546.000
2011-02-10,4.655,4.675,4.498,4.506,11965.000
2011-02-11,4.654,4.708,4.618,4.642,12128.000
2011-02-14,4.678,4.680,4.608,4.624,13431.000
2011-02-15,4.640,4.713,4.617,4.678,10595.000
2011-02-16,4.749,4.768,4.604,4.639,15674.000
2011-02-17,4.669,4.740,4.650,4.735,10725.000
2011-02-18,4.704,4.740,4.635,4.669,9951.000
2011-02-21,4.731,4.764,4.652,4.654,9452.000
2011-02-22,4.478,4.731,4.464,4.718,16014.000
2011-02-23,4.534,4.570,4.478,4.481,7490.000
2011-02-25,4.491,4.623,4.473,4.623,21365.000
2011-02-28,4.504,4.529,4.468,4.493,13938.000
2011-03-01,4.573,4.642,4.494,4.523,30303.000
2011-03-02,4.518,4.572,4.493,4.539,12081.000
2011-03-03,4.402,4.547,4.392,4.546,13915.000
2011-03-04,4.413,4.444,4.355,4.402,18248.000
2011-03-07,4.436,4.454,4.401,4.415,13436.000
2011-03-08,4.484,4.503,4.412,4.449,13168.000
2011-03-09,4.469,4.516,4.452,4.503,8861.000
2011-03-10,4.422,4.489,4.417,4.474,10280.000
2011-03-11,4.471,4.536,4.429,4.429,15404.000
2011-03-14,4.564,4.570,4.431,4.443,17428.000
2011-03-15,4.486,4.564,4.422,4.564,19619.000
2011-03-16,4.486,4.508,4.305,4.486,15542.000
2011-03-17,4.362,4.466,4.336,4.454,16269.000
2011-03-18,4.377,4.410,4.361,4.392,7210.000
2011-03-21,4.388,4.388,4.337,4.365,7275.000
2011-03-22,4.403,4.415,4.352,4.387,7485.000
2011-03-23,4.386,4.417,4.363,4.403,11062.000
2011-03-24,4.370,4.387,4.362,4.363,7600.000
2011-03-25,4.393,4.398,4.357,4.368,7584.000
2011-03-28,4.290,4.422,4.283,4.422,16135.000
2011-03-29,4.200,4.303,4.199,4.290,13191.000
2011-03-30,4.159,4.230,4.142,4.209,8618.000
2011-03-31,4.174,4.199,4.145,4.177,6643.000
2011-04-01,4.191,4.201,4.156,4.174,5344.000
2011-04-06,4.155,4.200,4.141,4.191,6853.000
2011-04-07,4.186,4.192,4.131,4.152,6581.000
2011-04-08,4.227,4.234,4.170,4.191,7877.000
2011-04-11,4.160,4.239,4.156,4.230,7110.000
2011-04-12,4.174,4.191,4.150,4.160,4712.000
2011-04-13,4.269,4.275,4.155,4.169,10397.000
2011-04-14,4.229,4.285,4.217,4.270,4332.000
2011-04-15,4.195,4.230,4.155,4.205,6675.000
2011-04-18,4.160,4.217,4.146,4.180,5740.000
2011-04-19,3.989,4.142,3.977,4.141,17115.000
2011-04-20,4.005,4.033,3.988,3.988,7896.000
2011-04-21,4.039,4.051,3.982,4.004,8620.000
2011-04-22,4.179,4.202,4.005,4.049,22387.000
2011-04-25,4.048,4.177,4.043,4.177,9934.000
2011-04-26,3.655,3.841,3.643,3.776,24510.000
2011-04-27,3.519,3.675,3.514,3.642,12675.000
2011-04-28,3.423,3.577,3.408,3.544,10257.000
2011-04-29,3.448,3.448,3.394,3.423,6788.000
2011-05-03,3.496,3.500,3.431,3.450,5545.000
2011-05-04,3.415,3.489,3.408,3.487,5284.000
2011-05-05,3.424,3.460,3.388,3.388,3907.000
2011-05-06,3.454,3.465,3.391,3.419,3205.000
2011-05-09,3.475,3.490,3.438,3.438,4166.000
2011-05-10,3.477,3.487,3.453,3.476,3160.000
2011-05-11,3.535,3.551,3.451,3.480,6815.000
2011-05-12,3.544,3.586,3.509,3.510,9911.000
2011-05-13,3.524,3.566,3.471,3.519,4597.000
2011-05-16,3.549,3.572,3.510,3.525,4871.000
2011-05-17,3.572,3.589,3.520,3.544,5368.000
2011-05-18,3.520,3.571,3.507,3.571,5609.000
2011-05-19,3.431,3.522,3.426,3.520,6176.000
2011-05-23,3.260,3.394,3.245,3.394,9299.000
2011-05-24,3.288,3.308,3.188,3.244,6257.000
2011-05-25,3.264,3.323,3.244,3.257,5948.000
2011-05-26,3.304,3.321,3.269,3.275,4387.000
2011-05-27,3.334,3.344,3.245,3.326,5879.000
2011-05-30,3.541,3.603,3.297,3.354,22420.000
2011-05-31,3.542,3.544,3.454,3.524,15345.000
2011-06-01,3.496,3.544,3.461,3.544,16023.000
2011-06-02,3.378,3.457,3.310,3.456,9014.000
2011-06-03,3.396,3.426,3.313,3.369,5695.000
2011-06-07,3.360,3.405,3.339,3.368,4337.000
2011-06-08,3.313,3.368,3.272,3.360,5585.000
2011-06-09,3.307,3.413,3.284,3.317,6348.000
2011-06-10,3.287,3.307,3.257,3.307,3903.000
2011-06-13,3.285,3.292,3.229,3.275,3115.000
2011-06-14,3.324,3.330,3.269,3.279,4308.000
2011-06-15,3.293,3.329,3.287,3.309,3318.000
2011-06-16,3.250,3.277,3.244,3.247,3600.000
2011-06-17,3.243,3.269,3.240,3.244,2173.000
2011-06-20,3.119,3.267,3.119,3.244,6682.000
2011-06-21,3.139,3.166,3.096,3.123,2613.000
2011-06-22,3.134,3.151,3.101,3.147,2331.000
2011-06-23,3.217,3.232,3.107,3.134,5726.000
2011-06-24,3.283,3.297,3.195,3.217,7792.000
2011-06-27,3.324,3.336,3.258,3.275,7965.000
2011-06-28,3.294,3.326,3.272,3.326,4973.000
2011-06-29,3.272,3.350,3.272,3.294,5719.000
2011-06-30,3.298,3.309,3.265,3.272,5482.000
2011-07-01,3.283,3.317,3.277,3.294,4746.000
2011-07-04,3.351,3.364,3.294,3.307,8165.000
2011-07-05,3.381,3.400,3.313,3.344,9347.000
2011-07-06,3.378,3.380,3.338,3.375,5903.000
2011-07-07,3.409,3.466,3.363,3.374,11405.000
2011-07-08,3.520,3.540,3.383,3.391,20291.000
2011-07-11,3.536,3.550,3.469,3.509,12429.000
2011-07-12,3.601,3.779,3.561,3.561,32860.000
2011-07-13,3.637,3.671,3.537,3.569,14606.000
2011-07-14,3.631,3.656,3.571,3.620,11444.000
2011-07-15,3.621,3.631,3.595,3.631,9726.000
2011-07-18,3.550,3.621,3.544,3.618,11468.000
2011-07-19,3.460,3.544,3.460,3.544,8833.000
2011-07-20,3.526,3.544,3.461,3.480,6437.000
2011-07-21,3.486,3.526,3.470,3.526,4228.000
2011-07-22,3.502,3.546,3.480,3.480,4645.000
2011-07-25,3.428,3.607,3.413,3.497,11330.000
2011-07-26,3.421,3.428,3.371,3.394,5871.000
2011-07-27,3.465,3.477,3.386,3.419,5084.000
2011-07-28,3.544,3.549,3.419,3.451,6648.000
2011-07-29,3.481,3.592,3.469,3.539,8821.000
2011-08-01,3.520,3.544,3.460,3.460,5353.000
2011-08-02,3.403,3.516,3.360,3.516,12165.000
2011-08-03,3.378,3.395,3.309,3.369,5447.000
2011-08-04,3.411,3.421,3.369,3.376,4422.000
2011-08-05,3.278,3.321,3.244,3.305,7360.000
2011-08-08,3.058,3.244,3.001,3.219,7992.000
2011-08-09,3.005,3.043,2.920,2.945,8726.000
2011-08-10,3.026,3.062,3.010,3.052,11885.000
2011-08-11,3.082,3.087,2.940,2.967,9996.000
2011-08-12,3.159,3.179,3.103,3.119,9474.000
2011-08-15,3.203,3.205,3.094,3.159,10119.000
2011-08-16,3.151,3.193,3.127,3.192,5804.000
2011-08-17,3.174,3.185,3.071,3.151,18183.000
2011-08-18,3.094,3.144,3.094,3.144,10481.000
2011-08-19,3.176,3.181,3.012,3.043,14024.000
2011-08-22,3.203,3.260,3.142,3.142,12148.000
2011-08-23,3.228,3.254,3.179,3.208,5568.000
2011-08-24,3.207,3.250,3.192,3.234,5291.000
2011-08-25,3.242,3.242,3.179,3.214,7812.000
2011-08-26,3.229,3.244,3.219,3.225,4014.000
2011-08-29,3.179,3.219,3.158,3.218,6793.000
2011-08-30,3.262,3.307,3.185,3.185,16986.000
2011-09-01,3.164,3.263,3.156,3.262,6295.000
2011-09-02,3.058,3.178,3.044,3.144,7566.000
2011-09-05,2.970,3.040,2.957,3.040,6913.000
2011-09-06,2.988,3.002,2.935,2.947,2282.000
2011-09-07,3.049,3.049,2.995,3.013,2807.000
2011-09-08,2.995,3.062,2.983,3.061,2945.000
2011-09-09,2.996,3.044,2.968,3.044,2138.000
2011-09-13,2.977,2.993,2.936,2.968,2264.000
2011-09-14,2.993,3.001,2.933,2.985,2340.000
2011-09-15,3.026,3.052,2.982,3.001,3459.000
2011-09-16,3.053,3.119,3.032,3.043,4884.000
2011-09-19,2.960,3.068,2.957,3.068,2437.000
2011-09-20,2.973,3.007,2.935,2.943,1718.000
2011-09-21,3.049,3.068,2.957,2.970,4756.000
2011-09-22,2.981,3.046,2.973,3.016,3715.000
2011-09-23,2.933,2.972,2.882,2.945,5360.000
2011-09-26,2.891,2.938,2.886,2.933,2534.000
2011-09-27,2.895,2.920,2.886,2.911,2367.000
2011-09-28,2.889,2.937,2.884,2.901,2425.000
2011-09-29,2.789,2.882,2.780,2.876,4276.000
2011-09-30,2.789,2.827,2.782,2.784,1419.000
2011-10-10,2.792,2.849,2.791,2.791,1564.000
2011-10-11,2.780,2.887,2.749,2.870,2573.000
2011-10-12,2.880,2.892,2.776,2.780,4592.000
2011-10-13,2.906,2.922,2.851,2.851,6164.000
2011-10-14,2.947,2.971,2.877,2.907,6389.000
2011-10-17,2.907,2.966,2.901,2.957,3885.000
2011-10-18,2.837,2.913,2.832,2.913,3226.000
2011-10-19,2.894,2.977,2.821,2.832,4944.000
2011-10-20,2.749,2.882,2.733,2.880,5032.000
2011-10-21,2.713,2.775,2.699,2.750,3296.000
2011-10-24,2.740,2.749,2.651,2.713,3190.000
2011-10-25,2.784,2.799,2.720,2.740,3860.000
2011-10-26,2.795,2.822,2.729,2.745,4932.000
2011-10-27,2.812,2.832,2.796,2.807,3808.000
2011-10-28,2.845,2.865,2.821,2.832,5322.000
2011-10-31,2.860,2.862,2.832,2.832,4378.000
2011-11-01,2.872,2.875,2.826,2.832,5051.000
2011-11-02,2.931,2.957,2.809,2.855,8806.000
2011-11-03,2.921,2.990,2.921,2.945,9225.000
2011-11-04,2.990,2.990,2.907,2.930,7861.000
2011-11-07,3.053,3.088,2.955,2.985,23461.000
2011-11-08,2.976,3.062,2.970,3.044,7855.000
2011-11-09,3.049,3.052,2.940,2.982,6469.000
2011-11-10,3.025,3.093,2.986,2.988,7642.000
2011-11-11,3.044,3.094,3.025,3.038,7060.000
2011-11-14,3.101,3.151,3.059,3.064,9283.000
2011-11-15,3.097,3.131,3.069,3.084,4803.000
2011-11-16,2.982,3.117,2.970,3.097,6315.000
2011-11-17,2.997,3.036,2.955,2.995,4480.000
2011-11-18,2.910,2.997,2.902,2.997,6156.000
2011-11-21,2.910,2.921,2.886,2.886,1948.000
2011-11-22,2.870,2.911,2.835,2.910,3101.000
2011-11-23,3.005,3.119,2.859,2.895,15771.000
2011-11-24,3.124,3.128,2.935,2.965,26653.000
2011-11-25,3.198,3.244,3.013,3.102,46962.000
2011-11-28,3.198,3.263,3.152,3.200,20829.000
2011-11-29,3.243,3.284,3.200,3.222,19540.000
2011-11-30,3.354,3.393,3.200,3.218,48720.000
2011-12-01,3.431,3.510,3.329,3.381,49412.000
2011-12-02,3.250,3.431,3.248,3.416,30132.000
2011-12-05,3.148,3.292,3.108,3.242,24342.000
2011-12-06,3.204,3.238,3.096,3.119,13903.000
2011-12-07,3.189,3.223,3.159,3.215,9677.000
2011-12-08,3.252,3.260,3.096,3.193,14514.000
2011-12-09,3.133,3.225,3.122,3.194,8033.000
2011-12-13,3.013,3.088,2.948,3.044,7812.000
2011-12-14,2.886,2.983,2.872,2.963,5706.000
2011-12-15,3.017,3.037,2.896,2.916,7619.000
2011-12-16,3.229,3.229,2.995,3.018,19076.000
2011-12-19,3.283,3.300,3.164,3.173,20450.000
2011-12-20,3.233,3.300,3.225,3.263,11065.000
2011-12-21,3.101,3.268,3.094,3.239,16034.000
2011-12-22,2.855,3.077,2.791,3.058,32619.000
2011-12-23,2.859,2.925,2.759,2.820,14157.000
2011-12-26,2.869,2.895,2.844,2.870,8696.000
2011-12-27,2.794,2.890,2.792,2.869,11472.000
2011-12-28,2.769,2.786,2.704,2.758,11730.000
2011-12-29,2.845,2.906,2.720,2.743,8292.000
2011-12-30,2.945,2.967,2.841,2.841,8683.000
2012-01-04,2.942,3.005,2.920,2.962,10835.000
2012-01-05,2.696,2.931,2.666,2.870,9751.000
2012-01-06,2.656,2.731,2.595,2.731,5647.000
2012-01-09,2.771,2.771,2.602,2.627,7226.000
2012-01-10,2.871,2.908,2.745,2.772,8721.000
2012-01-11,2.864,2.895,2.814,2.869,7548.000
2012-01-12,2.852,2.915,2.837,2.856,4580.000
2012-01-16,2.643,2.760,2.641,2.760,4346.000
2012-01-17,2.839,2.839,2.617,2.624,6138.000
2012-01-18,2.683,2.832,2.681,2.831,7937.000
2012-01-19,2.698,2.736,2.668,2.704,2803.000
2012-01-20,2.754,2.763,2.683,2.715,4393.000
2012-01-30,2.733,2.769,2.733,2.748,2906.000
2012-01-31,2.731,2.756,2.689,2.744,1934.000
2012-02-01,2.686,2.768,2.673,2.743,3238.000
2012-02-02,2.779,2.784,2.690,2.690,3297.000
2012-02-03,2.876,2.889,2.749,2.779,10222.000
2012-02-06,2.859,2.887,2.846,2.855,3025.000
2012-02-07,2.806,2.852,2.787,2.852,3995.000
2012-02-08,2.884,2.886,2.786,2.817,3769.000
2012-02-09,2.907,2.947,2.866,2.885,5639.000
2012-02-10,2.935,2.980,2.889,2.889,4911.000
2012-02-13,2.968,3.010,2.901,2.901,4424.000
2012-02-14,2.956,2.987,2.938,2.968,3091.000
2012-02-15,2.990,2.990,2.931,2.956,6075.000
2012-02-16,2.943,3.018,2.932,2.988,4607.000
2012-02-17,2.904,2.963,2.895,2.957,4358.000
2012-02-20,2.902,2.958,2.895,2.933,4807.000
2012-02-21,2.941,2.948,2.874,2.907,3701.000
2012-02-22,3.062,3.094,2.920,2.945,20668.000
2012-02-23,3.063,3.089,3.033,3.063,5656.000
2012-02-24,3.086,3.114,3.063,3.063,7165.000
2012-02-27,3.031,3.127,3.020,3.082,7227.000
2012-02-28,3.010,3.051,2.980,3.016,6846.000
2012-02-29,3.000,3.035,2.995,3.031,3417.000
2012-03-01,2.996,3.023,2.962,2.988,6527.000
2012-03-02,3.042,3.052,2.996,2.996,4395.000
2012-03-05,3.051,3.126,3.043,3.044,9211.000
2012-03-06,3.043,3.052,2.926,3.032,14911.000
2012-03-07,3.062,3.114,2.995,2.998,14676.000
2012-03-08,3.072,3.093,3.036,3.076,5904.000
2012-03-09,3.104,3.136,3.061,3.061,7736.000
2012-03-12,3.136,3.136,3.081,3.107,10067.000
2012-03-13,3.119,3.151,3.099,3.142,6406.000
2012-03-14,2.982,3.142,2.933,3.142,16446.000
2012-03-15,2.957,3.038,2.910,2.977,11382.000
2012-03-16,3.007,3.010,2.946,2.953,8199.000
2012-03-19,3.002,3.008,2.950,3.000,7214.000
2012-03-20,2.930,2.995,2.845,2.995,12829.000
2012-03-21,2.877,2.917,2.830,2.907,9334.000
2012-03-22,2.861,2.902,2.834,2.877,6744.000
2012-03-23,2.842,2.870,2.827,2.856,4067.000
2012-03-26,2.856,2.866,2.821,2.841,2161.000
2012-03-27,2.851,2.896,2.845,2.875,4480.000
2012-03-28,2.768,2.862,2.721,2.845,6511.000
2012-03-29,2.740,2.781,2.721,2.764,5089.000
2012-03-30,2.745,2.770,2.660,2.745,6323.000
2012-04-05,2.789,2.804,2.718,2.756,3599.000
2012-04-06,2.800,2.810,2.776,2.782,3153.000
2012-04-09,2.777,2.831,2.777,2.809,3342.000
2012-04-10,2.817,2.830,2.745,2.801,2975.000
2012-04-11,2.826,2.832,2.779,2.806,2002.000
2012-04-12,2.874,2.880,2.824,2.829,5525.000
2012-04-13,2.870,2.891,2.854,2.874,4391.000
2012-04-16,2.835,2.862,2.820,2.841,4359.000
2012-04-17,2.847,2.880,2.834,2.834,4072.000
2012-04-18,2.785,2.891,2.755,2.851,25610.000
2012-04-19,2.739,2.801,2.733,2.792,24695.000
2012-04-20,2.760,2.766,2.733,2.745,13856.000
2012-04-23,2.726,2.775,2.726,2.766,10063.000
2012-04-24,2.659,2.736,2.639,2.718,13860.000
2012-04-25,2.708,2.726,2.653,2.668,7449.000
2012-04-26,2.680,2.714,2.666,2.708,8746.000
2012-04-27,2.683,2.705,2.674,2.674,5467.000
2012-05-02,2.734,2.750,2.686,2.686,10728.000
2012-05-03,2.743,2.750,2.720,2.735,8205.000
2012-05-04,2.761,2.768,2.720,2.743,12308.000
2012-05-07,2.744,2.754,2.725,2.745,7806.000
2012-05-08,2.761,2.768,2.733,2.750,7565.000
2012-05-09,2.705,2.743,2.699,2.743,6787.000
2012-05-10,2.718,2.725,2.701,2.705,4847.000
2012-05-11,2.711,2.725,2.704,2.705,3907.000
2012-05-14,2.739,2.770,2.721,2.721,8785.000
2012-05-15,2.759,2.782,2.710,2.731,10156.000
2012-05-16,2.724,2.782,2.723,2.776,6114.000
2012-05-17,2.756,2.758,2.699,2.699,4801.000
2012-05-18,2.701,2.745,2.695,2.738,5140.000
2012-05-21,2.683,2.725,2.644,2.700,4526.000
2012-05-23,2.663,2.709,2.655,2.699,5194.000
2012-05-24,2.643,2.679,2.622,2.663,9816.000
2012-05-25,2.618,2.654,2.612,2.653,4760.000
2012-05-28,2.651,2.651,2.618,2.618,5525.000
2012-05-29,2.678,2.680,2.629,2.651,6169.000
2012-05-30,2.684,2.703,2.670,2.671,5509.000
2012-05-31,2.693,2.701,2.663,2.676,6510.000
2012-06-01,2.683,2.700,2.674,2.694,3830.000
2012-06-04,2.632,2.663,2.632,2.645,3864.000
2012-06-05,2.640,2.646,2.625,2.640,3235.000
2012-06-06,2.644,2.651,2.634,2.650,1979.000
2012-06-07,2.644,2.675,2.618,2.664,3292.000
2012-06-08,2.648,2.664,2.634,2.658,2172.000
2012-06-11,2.676,2.686,2.639,2.664,4823.000
2012-06-12,2.653,2.675,2.649,2.674,2451.000
2012-06-13,2.721,2.730,2.658,2.658,8933.000
2012-06-14,2.718,2.741,2.698,2.721,6085.000
2012-06-15,2.709,2.733,2.690,2.731,5701.000
2012-06-18,2.720,2.733,2.708,2.733,5954.000
2012-06-19,2.652,2.715,2.619,2.684,7723.000
2012-06-20,2.658,2.679,2.635,2.658,3893.000
2012-06-21,2.619,2.665,2.611,2.657,4741.000
2012-06-25,2.511,2.627,2.509,2.627,6911.000
2012-06-26,2.529,2.544,2.488,2.509,5704.000
2012-06-27,2.549,2.581,2.522,2.529,6343.000
2012-06-28,2.486,2.570,2.485,2.539,4714.000
2012-06-29,2.601,2.691,2.503,2.503,13936.000
2012-07-02,2.596,2.652,2.578,2.589,6324.000
2012-07-03,2.650,2.661,2.586,2.599,9821.000
2012-07-04,2.622,2.665,2.607,2.643,4855.000
2012-07-05,2.589,2.603,2.570,2.598,3691.000
2012-07-06,2.648,2.648,2.560,2.599,7606.000
2012-07-09,2.621,2.683,2.616,2.643,7784.000
2012-07-10,2.586,2.643,2.580,2.601,5164.000
2012-07-11,2.621,2.652,2.578,2.586,4237.000
2012-07-12,2.691,2.693,2.606,2.606,13575.000
2012-07-13,2.657,2.697,2.647,2.691,7386.000
2012-07-16,2.535,2.658,2.519,2.658,7082.000
2012-07-17,2.550,2.560,2.521,2.524,3127.000
2012-07-18,2.635,2.643,2.550,2.550,14198.000
2012-07-19,2.686,2.720,2.619,2.635,14773.000
2012-07-20,2.689,2.722,2.668,2.684,7651.000
2012-07-23,2.706,2.717,2.645,2.660,5096.000
2012-07-24,2.706,2.737,2.648,2.696,6861.000
2012-07-25,2.722,2.745,2.697,2.714,10477.000
2012-07-26,2.648,2.729,2.648,2.701,13669.000
2012-07-27,2.647,2.676,2.627,2.627,6259.000
2012-07-30,2.617,2.663,2.598,2.634,3501.000
2012-07-31,2.604,2.617,2.573,2.603,3378.000
2012-08-01,2.635,2.655,2.598,2.619,4291.000
2012-08-02,2.634,2.663,2.624,2.635,2680.000
2012-08-03,2.701,2.702,2.635,2.652,5918.000
2012-08-06,2.807,2.825,2.702,2.702,20610.000
2012-08-07,2.914,2.914,2.774,2.807,26977.000
2012-08-08,3.000,3.035,2.902,2.917,41138.000
2012-08-09,3.192,3.254,2.990,3.000,49300.000
2012-08-10,3.239,3.247,3.110,3.192,36072.000
2012-08-13,3.136,3.249,3.118,3.193,26041.000
2012-08-14,3.233,3.236,3.033,3.110,32835.000
2012-08-15,3.437,3.478,3.138,3.205,51887.000
2012-08-16,3.355,3.518,3.292,3.388,28941.000
2012-08-17,3.283,3.380,3.208,3.323,11470.000
2012-08-20,3.308,3.321,3.215,3.229,6621.000
2012-08-21,3.377,3.424,3.249,3.301,23956.000
2012-08-22,3.225,3.372,3.202,3.372,22849.000
2012-08-23,3.231,3.267,3.203,3.229,12841.000
2012-08-24,3.225,3.409,3.175,3.249,23973.000
2012-08-27,3.126,3.228,3.085,3.193,32941.000
2012-08-28,3.130,3.175,3.074,3.121,11993.000
2012-08-29,3.274,3.328,3.113,3.125,22444.000
2012-08-30,3.182,3.316,3.094,3.274,11633.000
2012-08-31,3.285,3.285,3.128,3.182,7843.000
2012-09-03,3.334,3.369,3.254,3.272,17183.000
2012-09-04,3.323,3.339,3.241,3.285,19681.000
2012-09-05,3.282,3.310,3.238,3.280,7054.000
2012-09-06,3.405,3.511,3.269,3.282,24033.000
2012-09-07,3.459,3.591,3.372,3.441,28120.000
2012-09-10,3.485,3.552,3.406,3.437,8606.000
2012-09-11,3.431,3.495,3.372,3.473,11611.000
2012-09-12,3.506,3.519,3.355,3.431,11568.000
2012-09-13,3.419,3.503,3.411,3.503,5989.000
2012-09-14,3.390,3.462,3.370,3.370,7139.000
2012-09-17,3.333,3.426,3.333,3.372,6993.000
2012-09-18,3.300,3.367,3.275,3.323,6847.000
2012-09-19,3.331,3.339,3.277,3.300,3116.000
2012-09-20,3.274,3.347,3.175,3.298,6983.000
2012-09-21,3.365,3.370,3.208,3.274,8102.000
2012-09-24,3.324,3.382,3.244,3.355,4617.000
2012-09-25,3.208,3.341,3.208,3.324,4440.000
2012-09-26,3.130,3.249,3.089,3.192,6809.000
2012-09-27,3.110,3.202,3.090,3.123,8430.000
2012-09-28,3.189,3.202,3.126,3.133,12848.000
2012-10-08,3.151,3.213,3.143,3.192,2212.000
2012-10-09,3.241,3.264,3.157,3.192,9272.000
2012-10-10,3.241,3.252,3.184,3.243,6078.000
2012-10-11,3.202,3.265,3.193,3.218,5105.000
2012-10-12,3.148,3.239,3.136,3.184,4128.000
2012-10-15,3.159,3.174,3.079,3.133,5697.000
2012-10-16,3.202,3.272,3.112,3.167,4497.000
2012-10-17,3.234,3.251,3.175,3.198,3092.000
2012-10-18,3.275,3.285,3.236,3.236,9975.000
2012-10-19,3.257,3.316,3.241,3.292,5539.000
2012-10-22,3.279,3.285,3.221,3.259,4755.000
2012-10-23,3.257,3.293,3.243,3.293,3897.000
2012-10-24,3.270,3.285,3.208,3.249,2606.000
2012-10-25,3.280,3.288,3.208,3.272,4008.000
2012-10-26,3.195,3.346,3.171,3.287,11642.000
2012-10-29,3.157,3.208,3.092,3.192,9919.000
2012-10-30,3.102,3.159,3.102,3.143,2858.000
2012-10-31,3.094,3.138,3.085,3.102,3368.000
2012-11-01,3.179,3.195,3.079,3.094,6375.000
2012-11-02,3.187,3.195,3.144,3.179,4126.000
2012-11-05,3.162,3.210,3.162,3.189,3045.000
2012-11-06,3.164,3.189,3.143,3.144,2676.000
2012-11-07,3.211,3.239,3.151,3.182,7706.000
2012-11-08,3.113,3.205,3.112,3.205,2988.000
2012-11-09,3.025,3.126,3.012,3.113,3507.000
2012-11-12,3.026,3.061,3.000,3.028,3348.000
2012-11-13,2.928,3.026,2.915,3.026,6561.000
2012-11-14,2.972,2.977,2.899,2.932,4259.000
2012-11-15,2.974,2.976,2.933,2.976,2295.000
2012-11-16,2.972,2.976,2.927,2.971,6130.000
2012-11-19,2.989,3.000,2.961,2.974,1094.000
2012-11-20,3.022,3.022,2.990,3.005,2494.000
2012-11-21,3.051,3.051,2.995,3.012,2703.000
2012-11-22,3.017,3.056,3.015,3.056,2242.000
2012-11-23,3.133,3.135,3.017,3.017,5404.000
2012-11-26,3.102,3.157,3.097,3.157,3516.000
2012-11-27,3.058,3.126,2.961,3.125,4529.000
2012-11-28,2.936,3.028,2.932,3.028,4088.000
2012-11-29,2.905,2.953,2.850,2.946,6248.000
2012-11-30,2.946,2.958,2.869,2.869,4152.000
2012-12-03,2.910,2.959,2.896,2.915,5246.000
2012-12-04,2.899,2.920,2.851,2.897,2085.000
2012-12-05,3.010,3.025,2.864,2.882,4057.000
2012-12-06,2.977,3.017,2.976,3.010,1699.000
2012-12-07,3.166,3.274,3.000,3.000,14764.000
2012-12-10,3.218,3.241,3.112,3.172,9359.000
2012-12-11,3.156,3.221,3.128,3.221,7742.000
2012-12-12,3.192,3.221,3.128,3.148,3288.000
2012-12-13,3.184,3.239,3.151,3.192,5246.000
2012-12-14,3.274,3.305,3.143,3.143,8335.000
2012-12-17,3.231,3.297,3.203,3.272,5690.000
2012-12-18,3.189,3.249,3.184,3.229,4237.000
2012-12-19,3.216,3.223,3.175,3.193,2750.000
2012-12-20,3.197,3.216,3.172,3.216,2168.000
2012-12-21,3.225,3.274,3.175,3.213,6819.000
2012-12-24,3.261,3.280,3.231,3.262,9338.000
2012-12-25,3.323,3.349,3.208,3.257,15084.000
2012-12-26,3.437,3.442,3.293,3.324,19659.000
2012-12-27,3.298,3.467,3.288,3.450,16962.000
2012-12-28,3.328,3.357,3.290,3.303,10741.000
2012-12-31,3.419,3.419,3.290,3.313,13780.000
2013-01-04,3.306,3.426,3.292,3.423,17536.000
2013-01-07,3.283,3.316,3.205,3.316,17487.000
2013-01-08,3.318,3.331,3.234,3.280,14242.000
2013-01-09,3.257,3.324,3.241,3.316,13433.000
2013-01-10,3.265,3.287,3.244,3.259,8640.000
2013-01-11,3.225,3.306,3.210,3.265,9636.000
2013-01-14,3.344,3.351,3.210,3.220,15002.000
2013-01-15,3.477,3.501,3.339,3.354,28228.000
2013-01-16,3.662,3.810,3.477,3.477,27708.000
2013-01-17,3.601,3.765,3.573,3.662,16938.000
2013-01-18,3.627,3.724,3.590,3.608,15926.000
2013-01-21,3.627,3.683,3.581,3.627,13944.000
2013-01-22,3.576,3.662,3.480,3.634,18801.000
2013-01-23,3.714,3.714,3.473,3.536,17137.000
2013-01-24,3.560,3.786,3.511,3.711,23276.000
2013-01-25,3.550,3.598,3.495,3.573,10071.000
2013-01-28,3.650,3.653,3.524,3.536,13394.000
2013-01-29,3.847,3.848,3.621,3.621,26907.000
2013-01-30,3.788,3.865,3.753,3.848,16048.000
2013-01-31,3.792,3.928,3.788,3.845,15744.000
2013-02-01,3.784,3.812,3.720,3.766,12831.000
2013-02-04,3.699,3.829,3.601,3.822,15826.000
2013-02-05,3.699,3.716,3.601,3.650,10531.000
2013-02-06,3.683,3.719,3.666,3.691,5614.000
2013-02-07,3.819,3.824,3.634,3.684,13853.000
2013-02-08,3.797,3.878,3.781,3.814,10937.000
2013-02-18,3.837,3.896,3.756,3.838,10813.000
2013-02-19,3.796,3.889,3.732,3.827,11381.000
2013-02-20,3.941,3.959,3.781,3.814,23249.000
2013-02-21,3.825,3.943,3.781,3.925,19231.000
2013-02-22,3.824,3.845,3.738,3.827,13163.000
2013-02-25,3.830,3.889,3.776,3.830,9229.000
2013-02-26,3.704,3.845,3.688,3.830,12326.000
2013-02-27,3.680,3.789,3.680,3.732,15385.000
2013-02-28,3.737,3.748,3.684,3.684,13050.000
2013-03-01,3.634,3.789,3.622,3.737,28601.000
2013-03-04,3.562,3.678,3.537,3.606,18213.000
2013-03-05,3.622,3.632,3.560,3.560,10583.000
2013-03-06,3.698,3.740,3.612,3.630,16806.000
2013-03-07,3.629,3.745,3.586,3.681,9934.000
2013-03-08,3.573,3.650,3.572,3.617,5683.000
2013-03-11,3.604,3.616,3.532,3.565,6486.000
2013-03-12,3.470,3.619,3.437,3.562,10251.000
2013-03-13,3.354,3.549,3.274,3.455,20625.000
2013-03-14,3.370,3.403,3.319,3.352,14118.000
2013-03-15,3.511,3.627,3.355,3.370,20543.000
2013-03-18,3.537,3.562,3.406,3.475,8641.000
2013-03-19,3.526,3.552,3.500,3.504,6845.000
2013-03-20,3.634,3.693,3.503,3.534,16260.000
2013-03-21,3.626,3.732,3.567,3.630,17518.000
2013-03-22,3.645,3.676,3.601,3.626,9010.000
2013-03-25,3.581,3.720,3.581,3.626,15183.000
2013-03-26,3.565,3.598,3.532,3.585,4544.000
2013-03-27,3.617,3.681,3.568,3.570,7154.000
2013-03-28,3.537,3.601,3.468,3.601,6489.000
2013-03-29,3.536,3.647,3.486,3.603,8508.000
2013-04-01,3.445,3.536,3.437,3.516,11536.000
2013-04-02,3.388,3.467,3.388,3.467,10216.000
2013-04-03,3.421,3.462,3.388,3.414,6861.000
2013-04-08,3.482,3.483,3.352,3.396,4044.000
2013-04-09,3.426,3.519,3.409,3.482,9260.000
2013-04-10,3.405,3.429,3.355,3.429,6561.000
2013-04-11,3.413,3.439,3.405,3.421,4796.000
2013-04-12,3.375,3.472,3.372,3.408,4543.000
2013-04-15,3.373,3.385,3.323,3.355,2510.000
2013-04-16,3.398,3.411,3.306,3.355,9679.000
2013-04-17,3.504,3.504,3.372,3.375,13398.000
2013-04-18,3.640,3.666,3.470,3.486,25287.000
2013-04-19,3.696,3.725,3.622,3.642,18411.000
2013-04-22,3.699,3.724,3.658,3.696,11355.000
2013-04-23,3.684,3.809,3.653,3.693,23923.000
2013-04-24,3.761,3.802,3.691,3.699,30564.000
2013-04-25,3.781,3.797,3.683,3.770,18506.000
2013-04-26,3.532,3.747,3.506,3.747,42460.000
2013-05-02,3.500,3.519,3.405,3.503,12766.000
2013-05-03,3.575,3.596,3.483,3.511,11994.000
2013-05-06,3.580,3.647,3.544,3.594,21779.000
2013-05-07,3.437,3.601,3.429,3.572,30569.000
2013-05-08,3.478,3.498,3.423,3.455,20045.000
2013-05-09,3.465,3.503,3.432,3.483,14243.000
2013-05-10,3.586,3.586,3.449,3.470,21032.000
2013-05-13,3.619,3.642,3.565,3.588,17987.000
2013-05-14,3.606,3.655,3.562,3.622,12614.000
2013-05-15,3.686,3.694,3.576,3.601,17619.000
2013-05-16,3.711,3.761,3.650,3.683,23513.000
2013-05-17,3.709,3.730,3.617,3.711,22228.000
2013-05-20,3.774,3.814,3.686,3.716,23641.000
2013-05-21,3.779,3.797,3.740,3.774,18969.000
2013-05-22,3.694,3.806,3.681,3.781,18313.000
2013-05-23,3.675,3.761,3.668,3.694,13998.000
2013-05-24,3.720,3.720,3.639,3.683,10328.000
2013-05-27,3.847,3.848,3.720,3.720,30177.000
2013-05-28,3.838,3.925,3.799,3.855,35422.000
2013-05-29,3.838,3.887,3.832,3.847,16589.000
2013-05-30,3.833,3.874,3.786,3.838,18759.000
2013-05-31,3.714,3.861,3.714,3.833,27730.000
2013-06-03,3.624,3.730,3.603,3.683,30803.000
2013-06-04,3.560,3.653,3.518,3.621,21863.000
2013-06-05,3.585,3.611,3.560,3.560,14242.000
2013-06-06,3.511,3.601,3.509,3.576,12173.000
2013-06-07,3.526,3.554,3.472,3.519,9605.000
2013-06-13,3.387,3.503,3.355,3.503,17282.000
2013-06-14,3.439,3.452,3.382,3.383,7547.000
2013-06-17,3.452,3.478,3.382,3.441,6936.000
2013-06-18,3.409,3.478,3.375,3.454,11706.000
2013-06-19,3.388,3.413,3.323,3.413,8675.000
2013-06-20,3.280,3.416,3.275,3.355,9402.000
2013-06-21,3.257,3.369,3.210,3.228,13603.000
2013-06-24,3.084,3.290,3.028,3.257,13682.000
2013-06-25,3.018,3.082,2.853,3.077,25194.000
2013-06-26,3.072,3.092,2.995,3.017,10573.000
2013-06-27,2.877,3.136,2.872,3.060,27623.000
2013-06-28,2.790,2.854,2.748,2.847,46678.000
2013-07-01,2.807,2.827,2.760,2.790,17420.000
2013-07-02,2.834,2.859,2.792,2.792,31508.000
2013-07-03,2.763,2.849,2.733,2.834,25676.000
2013-07-04,2.805,2.834,2.691,2.748,28527.000
2013-07-05,2.842,2.891,2.807,2.807,27819.000
2013-07-08,2.669,2.800,2.669,2.800,21019.000
2013-07-09,2.639,2.718,2.604,2.679,18130.000
2013-07-10,2.728,2.738,2.636,2.644,17263.000
2013-07-11,2.815,2.916,2.718,2.721,36871.000
2013-07-12,2.797,2.886,2.778,2.820,26012.000
2013-07-15,2.864,2.879,2.780,2.797,21419.000
2013-07-16,2.879,2.884,2.822,2.882,21126.000
2013-07-17,2.775,2.899,2.763,2.859,34047.000
2013-07-18,2.693,2.802,2.691,2.770,33721.000
2013-07-19,2.644,2.723,2.644,2.683,26358.000
2013-07-22,2.686,2.693,2.612,2.624,13986.000
2013-07-23,2.758,2.768,2.686,2.686,24117.000
2013-07-24,2.827,2.834,2.728,2.753,27600.000
2013-07-25,2.901,2.921,2.792,2.817,61680.000
2013-07-26,2.859,2.899,2.802,2.886,29553.000
2013-07-29,2.750,2.862,2.735,2.862,22866.000
2013-07-30,2.755,2.805,2.681,2.735,21701.000
2013-07-31,2.755,2.839,2.748,2.785,19953.000
2013-08-01,2.839,2.842,2.755,2.765,22393.000
2013-08-02,2.869,2.916,2.842,2.842,47440.000
2013-08-05,2.953,2.963,2.884,2.886,48848.000
2013-08-06,3.003,3.020,2.948,2.956,56624.000
2013-08-07,2.938,3.025,2.924,3.008,41090.000
2013-08-08,2.963,3.008,2.938,2.941,28236.000
2013-08-09,2.956,2.988,2.901,2.963,24907.000
2013-08-12,2.985,2.998,2.921,2.958,36923.000
2013-08-13,3.028,3.028,2.971,2.990,35988.000
2013-08-14,2.985,3.055,2.976,3.030,39740.000
2013-08-15,2.921,2.988,2.901,2.988,32222.000
2013-08-16,2.877,2.966,2.877,2.916,28664.000
2013-08-19,2.931,2.931,2.847,2.867,27686.000
2013-08-20,3.018,3.035,2.921,2.921,54694.000
2013-08-21,3.050,3.087,2.976,3.013,57799.000
2013-08-22,3.139,3.144,3.008,3.033,73679.000
2013-08-23,3.042,3.127,2.995,3.085,75876.000
2013-08-26,3.077,3.082,2.998,3.028,40914.000
2013-08-27,3.216,3.265,3.028,3.057,98658.000
2013-08-28,3.136,3.206,3.122,3.171,62912.000
2013-08-29,3.144,3.184,3.094,3.122,49918.000
2013-08-30,3.052,3.146,3.005,3.117,54464.000
2013-09-02,3.062,3.107,2.976,3.037,28046.000
2013-09-03,3.127,3.139,3.052,3.060,51140.000
2013-09-04,3.166,3.176,3.065,3.127,65290.000
2013-09-05,3.253,3.295,3.129,3.193,108471.000
2013-09-06,3.218,3.263,3.198,3.240,49384.000
2013-09-09,3.295,3.300,3.161,3.218,71592.000
2013-09-10,3.250,3.287,3.218,3.268,48726.000
2013-09-11,3.191,3.258,3.179,3.231,34327.000
2013-09-12,3.169,3.228,3.139,3.169,29028.000
2013-09-13,3.198,3.203,3.151,3.154,21137.000
2013-09-16,3.198,3.258,3.176,3.206,24684.000
2013-09-17,3.052,3.198,3.050,3.191,37617.000
2013-09-18,3.042,3.077,2.990,3.052,23915.000
2013-09-23,3.089,3.092,3.045,3.045,19699.000
2013-09-24,3.119,3.139,3.015,3.072,42125.000
2013-09-25,3.094,3.144,3.050,3.119,26089.000
2013-09-26,3.102,3.156,3.070,3.092,51839.000
2013-09-27,3.196,3.213,3.082,3.097,66277.000
2013-09-30,3.233,3.253,3.156,3.186,52834.000
2013-10-08,3.198,3.248,3.139,3.231,59036.000
2013-10-09,3.201,3.236,3.156,3.174,37515.000
2013-10-10,3.176,3.238,3.141,3.198,57004.000
2013-10-11,3.238,3.248,3.164,3.176,62668.000
2013-10-14,3.226,3.255,3.193,3.250,34203.000
2013-10-15,3.243,3.268,3.206,3.226,48854.000
2013-10-16,3.139,3.250,2.971,3.250,46374.000
2013-10-17,3.151,3.213,3.077,3.164,33718.000
2013-10-18,3.119,3.169,3.094,3.144,23104.000
2013-10-21,3.156,3.188,3.072,3.119,38248.000
2013-10-22,3.166,3.181,3.109,3.154,33703.000
2013-10-23,2.849,3.107,2.849,3.107,124616.000
2013-10-24,2.785,2.844,2.775,2.822,39585.000
2013-10-25,2.782,2.805,2.775,2.785,21132.000
2013-10-28,2.703,2.805,2.683,2.782,33411.000
2013-10-29,2.602,2.745,2.550,2.703,30510.000
2013-10-30,2.674,2.679,2.602,2.609,20018.000
2013-10-31,2.683,2.693,2.639,2.656,12540.000
2013-11-01,2.661,2.679,2.644,2.679,10705.000
2013-11-04,2.691,2.708,2.659,2.659,10251.000
2013-11-05,2.706,2.718,2.644,2.681,11808.000
2013-11-06,2.674,2.711,2.669,2.696,16290.000
2013-11-07,2.614,2.674,2.607,2.674,13953.000
2013-11-08,2.582,2.622,2.562,2.604,12221.000
2013-11-11,2.607,2.627,2.565,2.582,7762.000
2013-11-12,2.644,2.654,2.604,2.607,18595.000
2013-11-13,2.562,2.624,2.562,2.622,25655.000
2013-11-14,2.587,2.594,2.528,2.565,17729.000
2013-11-15,2.634,2.659,2.577,2.577,26159.000
2013-11-18,2.896,2.896,2.896,2.896,34201.000
2013-11-19,3.186,3.186,3.164,3.186,198675.000
2013-11-20,3.122,3.176,3.005,3.018,199934.000
2013-11-21,3.077,3.109,2.995,3.052,109531.000
2013-11-22,3.003,3.156,3.003,3.119,100595.000
2013-11-25,2.943,2.993,2.911,2.914,53114.000
2013-11-26,2.971,3.008,2.924,2.931,39217.000
2013-11-27,3.037,3.077,2.933,2.946,69657.000
2013-11-28,3.005,3.050,3.000,3.033,42769.000
2013-11-29,2.976,3.028,2.946,3.008,42746.000
2013-12-02,2.735,2.882,2.733,2.847,68389.000
2013-12-03,2.802,2.810,2.711,2.728,27571.000
2013-12-04,2.805,2.864,2.775,2.792,32291.000
2013-12-05,2.830,2.839,2.778,2.827,22876.000
2013-12-06,2.827,2.847,2.810,2.830,21707.000
2013-12-09,2.869,2.874,2.834,2.834,22801.000
2013-12-10,2.847,2.889,2.837,2.872,26433.000
2013-12-11,2.785,2.859,2.760,2.859,27317.000
2013-12-12,2.792,2.815,2.778,2.780,11900.000
2013-12-13,2.834,2.867,2.785,2.815,26159.000
2013-12-16,2.832,2.872,2.815,2.837,20790.000
2013-12-17,2.770,2.852,2.770,2.844,16016.000
2013-12-18,2.797,2.805,2.735,2.780,19883.000
2013-12-19,2.785,2.834,2.775,2.805,10351.000
2013-12-20,2.805,2.817,2.773,2.797,14994.000
2013-12-23,2.827,2.847,2.698,2.830,21211.000
2013-12-24,2.854,2.884,2.830,2.844,31689.000
2013-12-25,2.862,2.867,2.825,2.842,15697.000
2013-12-26,2.862,2.906,2.825,2.864,27812.000
2013-12-27,2.933,2.946,2.849,2.862,41183.000
2013-12-30,2.956,2.961,2.901,2.938,29587.000
2013-12-31,2.899,2.951,2.889,2.951,21130.000
2014-01-02,2.929,2.946,2.899,2.899,17720.000
2014-01-03,2.911,2.948,2.886,2.946,16448.000
2014-01-06,2.778,2.921,2.773,2.921,20198.000
2014-01-07,2.785,2.810,2.763,2.775,11194.000
2014-01-08,2.753,2.805,2.726,2.795,15598.000
2014-01-09,2.745,2.797,2.743,2.758,11095.000
2014-01-10,2.622,2.760,2.599,2.745,27843.000
2014-01-13,2.619,2.659,2.594,2.641,14785.000
2014-01-14,2.661,2.666,2.594,2.612,22451.000
2014-01-15,2.669,2.669,2.622,2.654,16719.000
2014-01-16,2.698,2.718,2.649,2.674,18671.000
2014-01-17,2.674,2.698,2.646,2.688,10385.000
2014-01-21,2.674,2.683,2.575,2.580,24122.000
2014-01-22,2.718,2.721,2.631,2.644,18678.000
2014-01-23,2.743,2.755,2.696,2.716,17979.000
2014-01-24,2.753,2.770,2.706,2.733,17017.000
2014-01-27,2.797,2.867,2.706,2.726,25319.000
2014-01-28,2.837,2.882,2.760,2.785,18536.000
2014-01-29,2.815,2.869,2.797,2.825,17419.000
2014-01-30,2.773,2.827,2.773,2.827,11057.000
2014-02-07,2.822,2.822,2.723,2.750,17169.000
2014-02-10,2.909,2.909,2.820,2.832,34917.000
2014-02-11,2.891,2.929,2.847,2.909,34394.000
2014-02-12,2.911,2.919,2.864,2.899,26852.000
2014-02-13,2.911,2.951,2.891,2.914,35367.000
2014-02-14,2.948,2.956,2.862,2.906,33186.000
2014-02-17,2.985,3.020,2.911,2.924,45926.000
2014-02-18,2.943,2.981,2.926,2.978,35583.000
2014-02-19,2.943,2.995,2.933,2.946,35158.000
2014-02-20,2.874,2.961,2.847,2.961,40894.000
2014-02-21,2.886,2.909,2.849,2.854,18520.000
2014-02-24,2.839,2.894,2.810,2.891,22376.000
2014-02-25,2.750,2.909,2.740,2.839,34908.000
2014-02-26,2.708,2.740,2.656,2.740,29066.000
2014-02-27,2.659,2.758,2.649,2.718,24249.000
2014-02-28,2.713,2.716,2.646,2.659,14019.000
2014-03-03,2.768,2.773,2.703,2.711,18567.000
2014-03-04,2.859,2.886,2.780,2.780,38653.000
2014-03-05,2.807,2.867,2.792,2.854,22425.000
2014-03-06,2.792,2.820,2.738,2.792,15449.000
2014-03-07,2.773,2.810,2.758,2.792,12734.000
2014-03-10,2.664,2.768,2.661,2.768,18668.000
2014-03-11,2.674,2.691,2.656,2.674,15056.000
2014-03-12,2.745,2.745,2.659,2.696,16213.000
2014-03-13,2.753,2.780,2.735,2.755,12737.000
2014-03-14,2.750,2.768,2.723,2.760,9572.000
2014-03-17,2.782,2.792,2.723,2.758,13635.000
2014-03-18,2.795,2.815,2.773,2.782,14003.000
2014-03-19,2.778,2.795,2.745,2.795,12451.000
2014-03-20,2.706,2.775,2.703,2.768,13891.000
2014-03-21,2.763,2.773,2.674,2.716,16293.000
2014-03-24,2.787,2.805,2.753,2.763,15198.000
2014-03-25,2.795,2.802,2.770,2.780,15217.000
2014-03-26,2.735,2.778,2.723,2.763,28048.000
2014-03-27,2.686,2.743,2.681,2.738,17452.000
2014-03-28,2.686,2.701,2.664,2.674,10147.000
2014-03-31,2.646,2.698,2.636,2.676,12160.000
2014-04-01,2.659,2.669,2.631,2.641,9761.000
2014-04-02,2.693,2.701,2.656,2.659,11029.000
2014-04-03,2.691,2.748,2.683,2.713,13469.000
2014-04-04,2.718,2.721,2.679,2.691,6210.000
2014-04-08,2.738,2.738,2.701,2.718,10204.000
2014-04-09,2.743,2.755,2.728,2.743,15508.000
2014-04-10,2.735,2.760,2.733,2.743,15179.000
2014-04-11,2.726,2.753,2.723,2.731,12523.000
2014-04-14,2.758,2.770,2.721,2.726,12043.000
2014-04-15,2.740,2.760,2.735,2.750,9056.000
2014-04-16,2.773,2.795,2.743,2.743,15610.000
2014-04-17,2.758,2.790,2.753,2.790,7631.000
2014-04-18,2.748,2.770,2.738,2.758,10107.000
2014-04-21,2.671,2.748,2.654,2.726,15740.000
2014-04-22,2.676,2.696,2.644,2.671,11614.000
2014-04-23,2.674,2.686,2.656,2.679,7275.000
2014-04-24,2.666,2.693,2.661,2.679,6475.000
2014-04-25,2.629,2.666,2.629,2.651,9593.000
2014-04-28,2.535,2.627,2.525,2.627,16411.000
2014-04-29,2.557,2.567,2.535,2.537,6850.000
2014-04-30,2.575,2.580,2.555,2.562,4817.000
2014-05-05,2.580,2.582,2.552,2.567,4774.000
2014-05-06,2.597,2.602,2.570,2.584,5532.000
2014-05-07,2.550,2.594,2.528,2.589,7619.000
2014-05-08,2.552,2.584,2.532,2.552,8513.000
2014-05-09,2.567,2.580,2.540,2.562,7015.000
2014-05-12,2.619,2.639,2.567,2.580,21445.000
2014-05-13,2.619,2.624,2.604,2.619,9044.000
2014-05-14,2.619,2.624,2.609,2.619,4848.000
2014-05-15,2.567,2.634,2.562,2.614,6498.000
2014-05-16,2.627,2.639,2.550,2.584,11273.000
2014-05-19,2.627,2.636,2.599,2.614,7610.000
2014-05-20,2.617,2.683,2.599,2.661,25589.000
2014-05-21,2.612,2.624,2.575,2.614,11607.000
2014-05-22,2.589,2.624,2.589,2.609,7767.000
2014-05-23,2.604,2.607,2.580,2.589,6220.000
2014-05-26,2.619,2.619,2.597,2.597,7831.000
2014-05-27,2.602,2.631,2.599,2.622,7030.000
2014-05-28,2.622,2.624,2.587,2.602,10582.000
2014-05-29,2.580,2.641,2.577,2.624,10643.000
2014-05-30,2.580,2.592,2.570,2.592,6386.000
2014-06-03,2.609,2.629,2.587,2.592,7962.000
2014-06-04,2.599,2.617,2.580,2.612,6012.000
2014-06-05,2.628,2.628,2.583,2.590,10458.000
2014-06-06,2.609,2.628,2.593,2.628,7125.000
2014-06-09,2.567,2.612,2.564,2.609,11635.000
2014-06-10,2.590,2.593,2.545,2.567,8928.000
2014-06-11,2.587,2.596,2.574,2.590,8212.000
2014-06-12,2.564,2.587,2.558,2.587,11615.000
2014-06-13,2.583,2.622,2.561,2.567,18033.000
2014-06-16,2.596,2.612,2.583,2.583,17977.000
2014-06-17,2.580,2.603,2.567,2.596,12246.000
2014-06-18,2.545,2.580,2.529,2.564,17056.000
2014-06-19,2.484,2.554,2.480,2.548,13500.000
2014-06-20,2.500,2.509,2.480,2.484,8945.000
2014-06-23,2.503,2.519,2.496,2.516,6448.000
2014-06-24,2.519,2.532,2.503,2.506,9148.000
2014-06-25,2.513,2.535,2.493,2.519,9863.000
2014-06-26,2.538,2.541,2.513,2.516,13200.000
2014-06-27,2.609,2.619,2.525,2.538,37719.000
2014-06-30,2.590,2.609,2.574,2.609,20426.000
2014-07-01,2.615,2.632,2.580,2.580,23325.000
2014-07-02,2.622,2.632,2.593,2.619,14552.000
2014-07-03,2.625,2.628,2.603,2.619,15680.000
2014-07-04,2.612,2.635,2.599,2.625,14248.000
2014-07-07,2.612,2.622,2.593,2.612,14951.000
2014-07-08,2.612,2.615,2.593,2.612,14292.000
2014-07-09,2.580,2.612,2.580,2.609,18686.000
2014-07-10,2.590,2.599,2.564,2.574,10205.000
2014-07-11,2.628,2.635,2.583,2.593,18556.000
2014-07-14,2.667,2.670,2.612,2.632,27856.000
2014-07-15,2.654,2.670,2.635,2.667,14237.000
2014-07-16,2.593,2.664,2.593,2.657,16267.000
2014-07-17,2.747,2.789,2.654,2.670,92966.000
2014-07-18,2.715,2.760,2.680,2.702,62062.000
2014-07-21,2.654,2.709,2.654,2.673,31730.000
2014-07-22,2.683,2.689,2.638,2.654,26570.000
2014-07-23,2.635,2.689,2.632,2.677,29655.000
2014-07-24,2.667,2.670,2.632,2.641,32701.000
2014-07-25,2.699,2.699,2.654,2.661,34298.000
2014-07-28,2.728,2.731,2.680,2.693,53246.000
2014-07-29,2.702,2.709,2.606,2.709,110643.000
2014-07-30,2.680,2.693,2.667,2.683,66633.000
2014-07-31,2.722,2.728,2.670,2.677,65968.000
2014-08-01,2.696,2.735,2.693,2.725,57542.000
2014-08-04,2.760,2.767,2.689,2.693,54846.000
2014-08-05,2.763,2.780,2.738,2.760,44049.000
2014-08-06,2.751,2.786,2.744,2.767,45441.000
2014-08-07,2.712,2.760,2.706,2.751,41354.000
2014-08-08,2.731,2.735,2.712,2.715,26341.000
2014-08-11,2.780,2.792,2.735,2.741,53150.000
2014-08-12,2.792,2.805,2.767,2.776,40572.000
2014-08-13,2.815,2.815,2.747,2.792,61486.000
2014-08-14,2.847,2.886,2.802,2.808,93129.000
2014-08-15,2.895,2.902,2.825,2.844,63422.000
2014-08-18,2.924,2.928,2.879,2.902,69276.000
2014-08-19,2.924,2.998,2.921,2.924,120528.000
2014-08-20,2.902,2.947,2.879,2.918,91670.000
2014-08-21,2.918,2.924,2.866,2.899,71071.000
2014-08-22,2.911,2.973,2.895,2.915,86762.000
2014-08-25,2.866,2.905,2.847,2.905,43514.000
2014-08-26,2.805,2.866,2.799,2.847,42451.000
2014-08-27,2.844,2.847,2.805,2.805,24805.000
2014-08-28,2.799,2.850,2.799,2.850,25402.000
2014-08-29,2.825,2.825,2.783,2.799,22414.000
2014-09-01,2.866,2.866,2.812,2.815,21229.000
2014-09-02,2.886,2.892,2.854,2.863,39595.000
2014-09-03,2.895,2.911,2.866,2.895,39550.000
2014-09-04,2.918,2.918,2.876,2.889,39205.000
2014-09-05,2.915,2.921,2.889,2.918,36826.000
2014-09-09,2.918,2.956,2.902,2.921,41734.000
2014-09-10,2.921,2.928,2.895,2.918,37323.000
2014-09-11,2.947,2.947,2.895,2.921,64854.000
2014-09-12,2.963,2.976,2.928,2.934,43511.000
2014-09-15,2.992,2.992,2.944,2.966,58976.000
2014-09-16,2.889,2.992,2.879,2.992,67077.000
2014-09-17,2.899,2.928,2.854,2.886,48965.000
2014-09-18,2.899,2.918,2.882,2.899,39301.000
2014-09-19,2.928,2.931,2.895,2.905,36965.000
2014-09-22,2.889,2.928,2.882,2.928,31792.000
2014-10-09,3.178,3.178,3.153,3.178,152348.000
2014-10-10,3.497,3.497,3.249,3.265,539208.000
2014-10-13,3.577,3.790,3.429,3.568,379518.000
2014-10-14,3.558,3.629,3.484,3.587,178505.000
2014-10-15,3.539,3.555,3.471,3.519,109604.000
2014-10-16,3.413,3.539,3.397,3.490,137204.000
2014-10-17,3.442,3.478,3.314,3.391,91941.000
2014-10-20,3.507,3.526,3.400,3.433,101547.000
2014-10-21,3.439,3.507,3.413,3.487,66148.000
2014-10-22,3.343,3.455,3.317,3.455,74096.000
2014-10-23,3.230,3.355,3.214,3.333,94362.000
2014-10-24,3.288,3.339,3.220,3.236,57625.000
2014-10-27,3.381,3.420,3.259,3.259,69147.000
2014-10-28,3.478,3.536,3.388,3.388,102027.000
2014-10-29,3.600,3.603,3.455,3.478,131140.000
2014-10-30,3.519,3.671,3.481,3.590,107286.000
2014-10-31,3.497,3.571,3.465,3.516,63937.000
2014-11-03,3.622,3.626,3.452,3.484,82134.000
2014-11-04,3.680,3.735,3.600,3.619,109572.000
2014-11-05,3.616,3.732,3.539,3.732,68115.000
2014-11-06,3.635,3.696,3.539,3.613,84826.000
2014-11-07,3.516,3.667,3.510,3.645,82405.000
2014-11-10,3.519,3.539,3.420,3.497,71138.000
2014-11-11,3.343,3.507,3.307,3.490,82624.000
2014-11-12,3.378,3.404,3.281,3.323,44698.000
2014-11-13,3.349,3.384,3.291,3.378,37472.000
2014-11-14,3.449,3.536,3.317,3.346,54984.000
2014-11-17,3.445,3.507,3.413,3.445,43310.000
2014-11-18,3.445,3.478,3.423,3.445,28112.000
2014-11-19,3.449,3.507,3.436,3.445,37800.000
2014-11-20,3.400,3.442,3.343,3.442,63390.000
2014-11-21,3.494,3.516,3.355,3.400,52257.000
2014-11-24,3.487,3.523,3.462,3.500,43646.000
2014-11-25,3.584,3.632,3.478,3.494,66777.000
2014-11-26,3.587,3.629,3.532,3.571,52237.000
2014-11-27,3.564,3.626,3.526,3.600,48162.000
2014-11-28,3.513,3.587,3.471,3.571,57195.000
2014-12-01,3.394,3.519,3.378,3.487,72858.000
2014-12-02,3.442,3.510,3.378,3.397,74447.000
2014-12-03,3.497,3.500,3.381,3.442,89746.000
2014-12-04,3.497,3.529,3.474,3.481,76920.000
2014-12-05,3.378,3.519,3.346,3.497,76884.000
2014-12-08,3.310,3.346,3.217,3.330,66295.000
2014-12-09,3.198,3.304,3.198,3.301,93527.000
2014-12-10,3.297,3.314,3.172,3.182,42820.000
2014-12-11,3.320,3.352,3.240,3.297,49066.000
2014-12-12,3.336,3.343,3.275,3.320,48115.000
2014-12-15,3.381,3.391,3.272,3.326,51677.000
2014-12-16,3.359,3.381,3.333,3.378,33581.000
2014-12-17,3.269,3.352,3.233,3.349,58300.000
2014-12-18,3.227,3.288,3.214,3.265,63914.000
2014-12-19,3.220,3.243,3.178,3.227,39632.000
2014-12-22,3.133,3.217,3.117,3.217,50346.000
2014-12-23,3.143,3.178,3.056,3.130,22864.000
2014-12-24,3.178,3.198,3.146,3.162,32642.000
2014-12-25,3.185,3.233,3.169,3.178,32059.000
2014-12-26,3.214,3.243,3.191,3.191,27744.000
2014-12-29,3.162,3.233,3.143,3.217,30548.000
2014-12-30,3.133,3.156,3.121,3.149,26555.000
2014-12-31,3.153,3.166,3.117,3.133,23056.000
2015-01-05,3.217,3.233,3.111,3.130,42266.000
2015-01-06,3.262,3.272,3.185,3.211,41098.000
2015-01-07,3.252,3.278,3.220,3.272,39175.000
2015-01-08,3.233,3.275,3.220,3.233,20375.000
2015-01-09,3.217,3.256,3.204,3.236,26374.000
2015-01-12,3.140,3.236,3.130,3.236,26252.000
2015-01-13,3.195,3.201,3.124,3.140,23334.000
2015-01-14,3.153,3.195,3.143,3.191,19058.000
2015-01-15,3.182,3.188,3.153,3.169,17496.000
2015-01-16,3.201,3.211,3.156,3.182,22254.000
2015-01-19,3.178,3.269,3.111,3.156,41085.000
2015-01-20,3.297,3.297,3.185,3.188,63910.000
2015-01-21,3.323,3.352,3.278,3.307,59116.000
2015-01-22,3.343,3.375,3.297,3.323,45465.000
2015-01-23,3.281,3.343,3.272,3.339,50513.000
2015-01-26,3.333,3.343,3.272,3.281,31861.000
2015-01-27,3.336,3.365,3.281,3.336,33544.000
2015-01-28,3.407,3.429,3.307,3.333,69388.000
2015-01-29,3.362,3.429,3.355,3.368,34304.000
2015-01-30,3.326,3.397,3.317,3.365,24122.000
2015-02-02,3.314,3.343,3.275,3.294,23537.000
2015-02-03,3.391,3.426,3.291,3.333,40997.000
2015-02-04,3.333,3.400,3.330,3.384,32374.000
2015-02-05,3.400,3.458,3.349,3.352,77290.000
2015-02-06,3.314,3.410,3.281,3.400,37373.000
2015-02-09,3.272,3.326,3.246,3.285,25529.000
2015-02-10,3.223,3.278,3.201,3.272,35330.000
2015-02-11,3.243,3.256,3.214,3.227,22867.000
2015-02-12,3.256,3.275,3.236,3.243,22798.000
2015-02-13,3.294,3.310,3.256,3.259,28334.000
2015-02-16,3.339,3.346,3.265,3.285,36588.000
2015-02-17,3.346,3.352,3.307,3.333,29023.000
2015-02-25,3.371,3.420,3.349,3.349,44169.000
2015-02-26,3.394,3.400,3.343,3.346,31593.000
2015-02-27,3.429,3.455,3.394,3.394,57411.000
2015-03-02,3.471,3.471,3.433,3.442,47620.000
2015-03-03,3.539,3.545,3.404,3.462,90492.000
2015-03-04,3.893,3.893,3.516,3.519,195903.000
2015-03-05,3.854,3.979,3.796,3.957,138315.000
2015-03-06,3.822,3.925,3.799,3.922,86008.000
2015-03-09,4.015,4.173,3.780,3.832,120322.000
2015-03-10,4.034,4.134,3.960,4.015,72838.000
2015-03-11,3.947,4.076,3.941,4.008,66672.000
2015-03-12,3.925,3.983,3.860,3.947,52707.000
2015-03-13,4.034,4.047,3.893,3.925,61172.000
2015-03-16,4.092,4.160,4.005,4.044,64638.000
2015-03-17,4.053,4.137,3.996,4.092,69322.000
2015-03-18,4.275,4.330,4.025,4.037,89486.000
2015-03-19,4.221,4.359,4.176,4.288,68687.000
2015-03-20,4.224,4.275,4.182,4.218,56962.000
2015-03-23,4.263,4.343,4.198,4.214,70151.000
2015-03-24,4.156,4.304,4.021,4.272,94355.000
2015-03-25,4.185,4.208,4.073,4.140,70627.000
2015-03-26,4.099,4.163,4.070,4.163,70281.000
2015-03-27,4.121,4.189,4.070,4.099,60447.890
2015-03-30,4.163,4.205,4.118,4.150,55841.000
2015-03-31,4.147,4.189,4.121,4.163,50854.000
2015-04-01,4.359,4.401,4.137,4.150,107622.000
2015-04-02,4.404,4.452,4.327,4.366,92632.000
2015-04-03,4.510,4.600,4.346,4.404,76838.000
2015-04-07,4.494,4.594,4.465,4.568,72812.000
2015-04-08,4.382,4.517,4.298,4.494,82504.000
2015-04-09,4.298,4.391,4.179,4.375,76031.000
2015-04-10,4.440,4.456,4.246,4.253,70660.000
2015-04-13,4.623,4.697,4.404,4.440,118527.000
2015-04-14,4.636,4.729,4.542,4.616,87695.000
2015-04-15,4.375,4.620,4.349,4.562,87715.000
2015-04-16,4.356,4.394,4.224,4.314,75544.000
2015-04-17,4.404,4.475,4.346,4.401,81758.000
2015-04-20,4.224,4.401,4.214,4.375,89003.000
2015-04-21,4.349,4.375,4.182,4.234,71292.000
2015-04-22,4.514,4.591,4.349,4.349,98064.000
2015-04-23,4.520,4.623,4.475,4.514,102144.000
2015-04-24,4.536,4.584,4.353,4.520,98157.000
2015-04-27,4.655,4.729,4.552,4.552,124073.000
2015-04-28,4.440,4.616,4.391,4.616,93879.000
2015-04-29,4.504,4.520,4.369,4.369,57864.000
2015-04-30,4.465,4.533,4.462,4.510,58167.000
2015-05-04,4.797,4.848,4.423,4.452,139382.000
2015-05-05,4.745,4.797,4.600,4.797,113905.000
2015-05-06,4.893,4.986,4.713,4.739,164537.000
2015-05-07,4.636,4.986,4.504,4.883,117236.000
2015-05-08,4.883,4.887,4.552,4.665,98675.000
2015-05-11,5.054,5.112,4.864,4.896,135348.000
2015-05-12,5.038,5.176,4.954,5.019,115575.000
2015-05-13,4.896,5.019,4.832,5.019,109460.000
2015-05-14,5.118,5.118,4.861,4.896,122380.000
2015-05-15,5.009,5.292,4.961,5.173,113980.000
2015-05-18,5.031,5.128,4.861,4.861,106218.000
2015-05-19,5.051,5.105,4.957,5.031,80572.000
2015-05-20,5.015,5.266,5.012,5.060,124745.000
2015-05-21,5.144,5.176,4.922,5.019,139536.000
2015-05-22,5.659,5.659,5.096,5.147,255129.000
2015-05-25,5.968,6.202,5.495,5.623,259441.000
2015-05-26,6.080,6.270,5.839,5.932,173996.000
2015-05-27,5.961,6.074,5.768,6.003,147742.000
2015-05-28,5.392,6.093,5.369,5.952,148896.000
2015-05-29,5.479,5.598,5.147,5.366,115525.000
2015-07-14,4.930,4.930,4.930,4.930,39463.000
2015-07-15,4.436,4.436,4.436,4.436,7457.000
2015-07-16,4.069,4.405,3.991,3.991,526423.000
2015-07-17,4.231,4.362,3.848,3.980,400481.000
2015-07-20,4.204,4.270,4.049,4.154,298288.000
2015-07-21,4.270,4.328,4.034,4.042,232149.000
2015-07-22,4.598,4.598,4.324,4.328,320385.000
2015-07-23,4.633,4.714,4.443,4.536,284977.000
2015-07-24,4.370,4.625,4.320,4.575,294709.000
2015-07-27,3.933,4.331,3.933,4.250,192627.000
2015-07-28,3.547,3.852,3.539,3.555,267199.000
2015-07-29,3.736,3.756,3.431,3.651,221814.000
2015-07-30,3.613,3.860,3.609,3.702,223378.000
2015-07-31,3.520,3.644,3.477,3.516,131875.000
2015-08-03,3.354,3.532,3.280,3.497,125934.000
2015-08-04,3.640,3.647,3.369,3.369,154715.000
2015-08-05,3.570,3.667,3.505,3.597,143438.000
2015-08-06,3.543,3.624,3.447,3.493,94597.000
2015-08-07,3.671,3.702,3.559,3.593,146441.000
2015-08-10,3.910,3.999,3.671,3.702,205797.000
2015-08-11,3.883,3.945,3.825,3.841,191583.000
2015-08-12,3.736,3.872,3.732,3.817,143597.000
2015-08-13,3.852,3.860,3.694,3.705,120180.000
2015-08-14,3.922,3.964,3.806,3.872,163495.000
2015-08-17,4.007,4.018,3.872,3.960,177825.000
2015-08-18,3.605,4.011,3.605,3.980,185595.000
2015-08-19,3.663,3.729,3.373,3.508,136443.000
2015-08-20,3.574,3.694,3.543,3.632,100315.000
2015-08-21,3.431,3.590,3.365,3.516,106795.000
2015-08-24,3.087,3.354,3.087,3.288,136629.000
2015-08-25,2.778,2.917,2.778,2.840,130046.000
2015-08-26,2.743,2.929,2.666,2.840,172491.000
2015-08-27,2.882,2.886,2.709,2.817,127209.000
2015-08-28,3.072,3.072,2.886,2.925,150909.000
2015-08-31,2.937,3.041,2.929,3.033,108691.000
2015-09-01,2.805,2.929,2.786,2.929,90370.000
2015-09-02,2.805,2.940,2.670,2.705,95339.000
2015-09-07,2.890,2.967,2.805,2.805,96007.000
2015-09-08,3.022,3.037,2.844,2.898,79421.000
2015-09-09,3.110,3.137,2.991,3.029,142844.000
2015-09-10,3.033,3.091,2.983,3.049,84076.000
2015-09-11,3.052,3.083,3.002,3.025,71737.000
2015-09-14,2.794,3.083,2.747,3.033,122378.000
2015-09-15,2.658,2.778,2.550,2.759,81127.000
2015-09-16,2.894,2.921,2.666,2.670,95505.000
2015-09-17,2.813,2.956,2.809,2.824,103054.000
2015-09-18,2.832,2.859,2.770,2.840,51572.000
2015-09-21,2.917,2.929,2.782,2.794,69036.000
2015-09-22,2.917,2.967,2.882,2.933,90453.000
2015-09-23,2.828,2.898,2.805,2.859,88633.000
2015-09-24,2.882,2.890,2.836,2.848,68379.000
2015-09-25,2.824,2.909,2.763,2.867,77232.000
2015-09-28,3.107,3.107,2.786,2.813,257828.000
2015-09-29,3.261,3.362,3.099,3.130,437639.000
2015-09-30,3.095,3.207,3.052,3.207,218776.000
2015-10-08,3.253,3.292,3.153,3.188,240739.000
2015-10-09,3.207,3.238,3.153,3.215,172769.000
2015-10-12,3.358,3.396,3.207,3.230,256206.000
2015-10-13,3.381,3.489,3.280,3.304,229191.000
2015-10-14,3.246,3.396,3.238,3.346,176372.000
2015-10-15,3.377,3.385,3.207,3.215,175294.000
2015-10-16,3.640,3.713,3.381,3.427,344783.000
2015-10-19,3.856,3.902,3.477,3.593,443380.000
2015-10-20,3.783,3.814,3.678,3.748,236974.000
2015-10-21,3.586,4.088,3.543,3.968,418757.000
2015-10-22,3.945,3.945,3.555,3.562,313250.000
2015-10-23,4.328,4.339,4.011,4.072,396823.000
2015-10-26,4.378,4.575,4.181,4.424,366013.000
2015-10-27,4.347,4.478,4.080,4.254,254070.000
2015-10-28,4.161,4.347,4.138,4.262,164244.000
2015-10-29,4.188,4.285,4.154,4.231,110572.000
2015-10-30,4.606,4.606,4.413,4.606,519900.000
2015-11-02,4.212,4.474,4.146,4.447,445696.000
2015-11-03,3.953,4.158,3.864,4.057,263094.000
2015-11-04,4.123,4.142,3.960,3.968,210458.000
2015-11-05,4.038,4.123,3.953,4.123,208709.000
2015-11-06,4.100,4.138,4.007,4.038,168133.000
2015-11-09,4.239,4.281,3.968,4.015,299040.000
2015-11-10,4.188,4.347,4.134,4.173,252973.000
2015-11-11,4.270,4.289,4.103,4.192,194960.000
2015-11-12,4.181,4.308,4.134,4.281,159519.000
2015-11-13,3.995,4.138,3.980,4.138,137341.000
2015-11-16,4.069,4.076,3.879,3.891,90184.000
2015-11-17,4.130,4.262,4.069,4.092,203200.000
2015-11-18,4.038,4.192,4.007,4.134,112326.000
2015-11-19,4.277,4.285,4.042,4.053,200485.000
2015-11-20,4.250,4.316,4.185,4.262,145703.000
2015-11-23,4.285,4.416,4.200,4.243,190532.000
2015-11-24,4.250,4.277,4.115,4.250,119678.000
2015-11-25,4.304,4.308,4.185,4.246,128465.000
2015-11-26,4.219,4.351,4.196,4.328,110399.000
2015-11-27,3.891,4.231,3.825,4.188,118430.000
2015-11-30,3.852,3.937,3.651,3.887,84443.000
2015-12-01,3.933,3.999,3.848,3.895,72209.000
2015-12-02,3.957,3.987,3.787,3.980,60747.000
2015-12-03,4.018,4.057,3.906,3.972,55863.000
2015-12-04,4.018,4.057,3.964,3.980,65210.000
2015-12-07,4.138,4.192,4.026,4.030,80751.000
2015-12-08,3.941,4.115,3.841,4.115,79053.000
2015-12-09,3.910,3.960,3.852,3.910,50434.000
2015-12-10,3.953,4.030,3.883,3.910,49689.000
2015-12-11,3.999,4.057,3.868,3.941,48626.000
2015-12-14,4.173,4.192,3.926,4.011,96243.000
2015-12-15,4.235,4.339,4.158,4.223,124689.000
2015-12-16,4.188,4.328,4.169,4.250,98102.000
2015-12-17,4.285,4.297,4.185,4.185,125819.000
2015-12-18,4.281,4.397,4.254,4.285,121252.000
2015-12-21,4.393,4.413,4.266,4.281,132936.000
2015-12-22,4.328,4.382,4.277,4.382,87932.000
2015-12-23,4.262,4.382,4.262,4.320,102077.000
2015-12-24,4.347,4.374,4.134,4.204,90275.000
2015-12-25,4.378,4.428,4.328,4.347,86768.000
2015-12-28,4.339,4.613,4.331,4.447,161095.000
2015-12-29,4.552,4.559,4.231,4.312,153872.000
2015-12-30,4.675,4.679,4.490,4.532,159979.000
2015-12-31,4.513,4.710,4.513,4.691,100853.000
2016-01-04,4.061,4.494,4.061,4.447,85715.000
2016-01-05,3.968,4.049,3.740,3.740,105152.000
2016-01-06,4.030,4.049,3.918,3.972,68685.000
2016-01-07,3.628,3.941,3.628,3.922,22227.000
2016-01-08,3.593,3.748,3.404,3.717,97183.000
2016-01-11,3.234,3.539,3.234,3.516,74221.000
2016-01-12,3.319,3.381,3.157,3.246,66427.000
2016-01-13,3.157,3.381,3.153,3.365,63527.000
2016-01-14,3.284,3.296,3.037,3.091,58448.000
2016-01-15,3.284,3.423,3.238,3.273,104642.000
2016-01-18,3.381,3.420,3.130,3.180,62221.000
2016-01-19,3.562,3.582,3.327,3.365,81984.000
2016-01-20,3.477,3.551,3.439,3.520,56811.000
2016-01-21,3.331,3.555,3.323,3.450,63538.000
2016-01-22,3.423,3.466,3.284,3.389,38750.000
2016-01-25,3.551,3.559,3.400,3.439,53412.000
2016-01-26,3.219,3.524,3.195,3.505,57823.000
2016-01-27,3.149,3.323,2.960,3.323,77125.000
2016-01-28,3.072,3.215,3.022,3.052,57447.000
2016-01-29,3.238,3.323,3.056,3.072,62392.000
2016-02-01,3.192,3.265,3.130,3.219,35720.000
2016-02-02,3.311,3.342,3.184,3.184,33048.000
2016-02-03,3.443,3.466,3.226,3.265,57341.000
2016-02-04,3.760,3.779,3.412,3.474,97485.000
2016-02-05,3.748,3.914,3.713,3.775,86485.000
2016-02-15,4.123,4.123,3.597,3.667,128220.000
2016-02-16,4.223,4.320,4.080,4.084,94015.000
2016-02-17,4.150,4.212,4.100,4.212,64045.000
2016-02-18,4.196,4.297,4.127,4.173,78579.000
2016-02-19,4.119,4.173,4.076,4.173,43973.000
2016-02-22,4.308,4.316,4.127,4.165,59020.000
2016-02-23,4.351,4.389,4.262,4.324,65146.000
2016-02-24,4.281,4.513,4.258,4.335,82786.000
2016-02-25,4.103,4.281,3.902,4.281,91657.000
2016-02-26,4.420,4.424,3.980,4.161,81596.000
2016-02-29,4.482,4.482,3.984,4.362,120545.000
2016-03-01,4.436,4.629,4.212,4.347,141510.000
2016-03-02,4.571,4.586,4.266,4.351,154826.000
2016-03-03,4.594,4.853,4.401,4.513,214494.000
2016-03-04,4.212,4.675,4.212,4.521,140805.000
2016-03-07,4.374,4.382,4.173,4.231,96760.000
2016-03-08,4.629,4.629,4.173,4.308,124590.000
2016-03-09,4.432,4.710,4.432,4.513,104660.000
2016-03-10,4.134,4.629,4.096,4.443,104742.000
2016-03-11,4.088,4.127,3.945,4.115,68345.000
2016-03-14,4.192,4.308,4.119,4.154,75837.000
2016-03-15,4.123,4.227,4.026,4.154,50520.000
2016-03-16,4.080,4.185,3.980,4.142,50572.000
2016-03-17,4.177,4.235,4.061,4.065,63719.000
2016-03-18,4.328,4.397,4.154,4.185,90455.000
2016-03-21,4.525,4.579,4.339,4.393,142722.000
2016-03-22,4.486,4.617,4.467,4.467,100106.000
2016-03-23,4.656,4.668,4.405,4.517,125103.000
2016-03-24,4.575,4.814,4.540,4.625,120838.000
2016-03-25,4.741,4.745,4.451,4.525,80635.000
2016-03-28,4.606,4.830,4.559,4.799,91024.000
2016-03-29,4.648,4.683,4.482,4.559,71081.000
2016-03-30,4.818,4.853,4.617,4.617,99031.000
2016-03-31,4.791,4.984,4.710,4.830,94454.000
2016-04-01,4.644,4.783,4.536,4.745,89002.000
2016-04-05,4.803,4.807,4.555,4.621,78201.000
2016-04-06,4.722,4.807,4.640,4.764,79064.000
2016-04-07,4.525,4.737,4.517,4.722,102087.000
2016-04-08,4.405,4.505,4.331,4.505,71981.000
2016-04-11,4.552,4.575,4.428,4.428,74933.000
2016-04-12,4.729,4.760,4.413,4.552,86986.000
2016-04-13,5.015,5.112,4.841,4.841,199804.000
2016-04-14,5.054,5.100,4.907,5.019,108048.000
2016-04-15,5.035,5.069,4.926,5.069,99180.000
2016-04-18,5.143,5.255,4.911,4.961,128155.000
2016-04-19,5.042,5.166,4.984,5.112,71145.000
2016-04-20,4.984,5.120,4.575,5.073,106428.000
2016-04-21,5.309,5.467,4.872,4.903,130942.000
2016-04-22,5.336,5.603,5.220,5.236,155155.000
2016-04-25,5.444,5.564,5.197,5.324,97256.000
2016-04-26,5.448,5.603,5.355,5.378,86735.000
2016-04-27,5.293,5.525,5.236,5.448,78363.000
2016-04-28,5.823,5.823,5.236,5.332,114916.000
2016-04-29,5.838,5.919,5.680,5.718,99717.000
2016-05-03,6.008,6.097,5.688,5.831,110378.000
2016-05-04,5.861,5.989,5.815,5.950,84787.000
2016-05-05,5.865,5.985,5.726,5.854,73215.000
2016-05-06,5.487,5.943,5.448,5.854,94470.000
2016-05-09,5.560,5.672,5.216,5.460,90223.000
2016-05-10,5.653,5.695,5.386,5.529,71514.000
2016-05-11,5.954,6.171,5.630,5.649,136541.000
2016-05-12,6.113,6.163,5.560,5.877,102983.000
2016-05-13,6.028,6.341,5.904,5.916,112583.000
2016-05-16,6.147,6.182,5.962,6.024,70737.000
2016-05-17,5.908,6.205,5.873,6.143,78756.000
2016-05-18,5.757,5.904,5.649,5.877,67357.000
2016-05-19,5.796,5.912,5.761,5.776,42088.000
2016-05-20,5.715,5.776,5.583,5.684,54690.000
2016-05-23,6.194,6.283,5.722,5.722,104256.000
2016-05-24,5.935,6.182,5.854,6.182,81264.000
2016-05-25,5.981,6.174,5.912,6.051,65559.000
2016-05-26,6.225,6.259,5.803,5.981,97527.000
2016-05-27,6.221,6.329,6.116,6.194,94824.000
2016-05-30,6.074,6.236,6.031,6.128,52911.000
2016-05-31,6.341,6.445,6.070,6.116,104515.000
2016-06-01,6.344,6.557,6.248,6.364,109743.000
2016-06-02,6.310,6.375,6.174,6.348,90041.000
2016-06-03,6.375,6.480,6.209,6.259,83795.000
2016-06-06,6.294,6.507,6.229,6.364,70696.000
2016-06-07,6.329,6.418,6.221,6.294,54231.000
2016-06-08,6.267,6.337,6.163,6.333,56410.000
2016-06-13,5.856,6.240,5.856,6.236,67649.000
2016-06-14,5.748,5.880,5.659,5.794,66296.000
2016-06-15,5.922,5.969,5.643,5.678,52187.000
2016-06-16,5.779,5.918,5.736,5.918,47736.000
2016-06-17,5.922,6.004,5.771,5.779,52737.000
2016-06-20,5.884,5.930,5.771,5.930,39394.000
2016-06-21,6.085,6.221,5.911,5.911,90633.000
2016-06-22,6.089,6.182,6.008,6.046,44498.000
2016-06-23,5.911,6.089,5.872,6.089,40874.000
2016-06-24,6.058,6.101,5.698,5.876,72920.000
2016-06-27,6.275,6.279,5.942,6.004,56021.000
2016-06-28,6.399,6.511,6.209,6.314,79366.000
2016-06-29,6.353,6.492,6.329,6.434,42854.000
2016-06-30,6.601,6.744,6.329,6.329,73172.000
2016-07-01,6.511,6.682,6.473,6.601,49264.000
2016-07-04,6.523,6.616,6.349,6.511,64925.000
2016-07-05,6.461,6.527,6.376,6.465,41471.000
2016-07-06,6.519,6.628,6.411,6.461,36130.000
2016-07-07,6.500,6.531,6.391,6.477,28565.000
2016-07-08,6.364,6.496,6.349,6.492,28795.000
2016-07-11,6.612,6.659,6.252,6.415,71461.000
2016-07-12,6.744,6.922,6.612,6.670,101937.000
2016-07-13,6.628,6.821,6.550,6.709,52509.000
2016-07-14,6.783,6.899,6.562,6.624,59993.000
2016-07-15,6.969,6.977,6.663,6.744,69358.000
2016-07-18,7.209,7.442,6.899,6.961,114663.000
2016-07-19,7.093,7.244,6.957,7.151,53796.000
2016-07-20,7.112,7.197,6.988,7.093,32701.000
2016-07-21,7.011,7.170,6.996,7.035,33164.000
2016-07-22,6.930,7.062,6.915,7.004,26641.000
2016-07-25,6.980,7.085,6.821,6.957,31119.000
2016-07-26,7.147,7.151,6.907,6.984,29115.000
2016-07-27,6.841,7.205,6.542,7.132,52233.000
2016-07-28,6.872,6.903,6.705,6.814,32466.000
2016-07-29,6.690,6.899,6.624,6.872,29438.000
2016-08-01,6.531,6.798,6.511,6.659,46691.000
2016-08-02,6.589,6.659,6.461,6.461,32952.000
2016-08-03,6.589,6.647,6.531,6.628,19411.000
2016-08-04,6.651,6.697,6.535,6.558,23189.000
2016-08-05,6.589,6.682,6.550,6.647,20093.000
2016-08-08,6.655,6.655,6.473,6.589,26356.000
2016-08-09,6.946,7.031,6.593,6.624,57842.000
2016-08-10,6.961,7.046,6.860,6.977,47645.000
2016-08-11,6.895,7.093,6.856,6.996,29443.000
2016-08-12,6.744,6.880,6.608,6.821,47704.000
2016-08-15,6.849,6.860,6.589,6.740,37507.000
2016-08-16,7.004,7.120,6.860,6.895,61469.000
2016-08-17,7.027,7.066,6.926,7.023,27341.000
2016-08-18,7.035,7.050,6.961,7.035,21695.000
2016-08-19,7.151,7.283,6.988,7.031,42143.000
2016-08-22,7.256,7.314,7.073,7.151,38285.000
2016-08-23,7.104,7.480,7.066,7.267,57196.000
2016-08-24,6.957,7.132,6.926,7.116,50637.000
2016-08-25,7.015,7.046,6.798,6.903,26351.000
2016-08-26,6.942,7.139,6.899,7.023,28080.000
2016-08-29,6.880,6.996,6.821,6.899,27777.000
2016-08-30,6.946,7.008,6.887,6.915,35361.000
2016-08-31,6.969,7.011,6.872,6.907,18271.000
2016-09-01,6.934,7.042,6.899,6.949,21411.000
2016-09-02,6.946,6.996,6.876,6.911,21390.000
2016-09-05,7.108,7.132,6.876,6.992,42394.000
2016-09-06,7.244,7.252,6.996,7.093,33921.000
2016-09-07,7.128,7.283,7.112,7.244,23883.000
2016-09-08,7.197,7.267,7.066,7.132,21924.000
2016-09-09,7.093,7.228,7.054,7.194,18329.000
2016-09-12,6.915,7.015,6.821,6.969,32707.000
2016-09-13,6.833,6.965,6.790,6.915,16370.000
2016-09-14,6.845,6.864,6.705,6.783,21356.000
2016-09-19,6.903,6.930,6.725,6.845,33674.000
2016-09-20,6.868,6.973,6.802,6.903,27641.000
2016-09-21,7.070,7.163,6.860,6.868,48701.000
2016-09-22,7.108,7.190,7.054,7.124,32574.000
2016-09-23,7.000,7.155,6.996,7.089,21234.000
2016-09-26,7.321,7.442,7.004,7.004,85507.000
2016-09-27,7.771,7.814,7.209,7.252,88671.000
2016-09-28,7.674,7.728,7.461,7.725,56192.000
2016-09-29,7.694,7.748,7.570,7.597,41463.000
2016-09-30,7.554,7.713,7.550,7.674,28431.000
2016-10-10,8.256,8.294,7.461,7.558,50341.000
2016-10-11,8.120,8.290,8.027,8.267,42284.000
2016-10-12,8.170,8.604,8.070,8.232,59782.000
2016-10-13,8.116,8.445,8.070,8.252,49479.000
2016-10-14,7.945,8.139,7.849,8.116,50245.000
2016-10-17,7.783,8.046,7.771,8.027,37703.000
2016-10-18,7.868,7.945,7.752,7.794,33638.000
2016-10-19,7.945,8.046,7.787,7.868,40103.000
2016-10-20,7.856,7.980,7.821,7.907,20150.000
2016-10-21,7.973,7.976,7.775,7.860,25419.000
2016-10-24,7.949,8.132,7.876,7.949,26801.000
2016-10-25,7.860,7.918,7.829,7.907,22867.000
2016-10-26,8.197,8.290,7.907,7.930,55899.000
2016-10-27,8.209,8.523,8.104,8.147,53580.000
2016-10-28,7.942,8.205,7.763,8.139,48976.000
2016-10-31,7.868,7.976,7.829,7.837,19230.000
2016-11-01,8.000,8.116,7.872,7.872,25107.000
2016-11-02,8.302,8.329,7.992,8.011,46812.000
2016-11-03,8.201,8.407,8.101,8.236,35139.000
2016-11-04,8.190,8.275,8.093,8.209,19193.000
2016-11-07,8.178,8.283,8.104,8.194,17944.000
2016-11-08,8.139,8.209,8.104,8.201,24640.000
2016-11-09,7.922,8.170,7.868,8.139,24914.000
2016-11-10,7.907,8.023,7.806,7.953,44890.000
2016-11-11,7.907,7.984,7.852,7.911,31931.000
2016-11-14,7.876,8.038,7.783,7.926,43567.000
2016-11-15,8.066,8.066,7.581,7.899,54361.000
2016-11-16,7.790,8.093,7.759,8.042,53615.000
2016-11-17,7.829,7.984,7.783,7.984,27174.000
2016-11-18,7.655,7.868,7.647,7.849,39474.000
2016-11-21,7.651,7.728,7.604,7.659,19191.000
2016-11-22,7.620,7.694,7.558,7.655,35275.000
2016-11-23,7.593,7.635,7.504,7.620,22275.000
2016-11-24,7.694,7.709,7.399,7.604,50211.000
2016-11-25,7.601,7.721,7.442,7.659,29076.000
2016-11-28,7.767,7.806,7.558,7.612,52032.000
2016-11-29,7.736,7.821,7.659,7.752,37357.000
2016-11-30,7.806,7.818,7.705,7.736,24454.000
2016-12-01,7.624,7.837,7.558,7.806,28417.000
2016-12-02,7.554,7.651,7.434,7.620,19154.000
2016-12-05,7.461,7.589,7.418,7.418,10437.000
2016-12-06,7.488,7.546,7.387,7.515,9880.000
2016-12-07,7.492,7.554,7.457,7.457,10171.000
2016-12-08,7.500,7.612,7.465,7.531,13845.000
2016-12-09,7.515,7.554,7.442,7.473,30891.000
2016-12-12,7.294,7.515,7.151,7.511,32360.000
2016-12-13,7.271,7.352,7.132,7.318,21224.000
2016-12-14,7.267,7.345,7.178,7.228,15617.000
2016-12-15,7.267,7.383,7.190,7.197,16874.000
2016-12-16,7.403,7.480,7.232,7.321,13580.000
2016-12-19,7.577,7.581,7.345,7.480,20590.000
2016-12-20,7.992,7.996,7.581,7.581,72273.000
2016-12-21,8.027,8.093,7.887,7.961,43516.000
2016-12-22,7.787,8.054,7.752,7.945,31574.000
2016-12-23,7.701,7.829,7.635,7.779,15468.000
2016-12-26,7.752,7.841,7.558,7.701,16634.000
2016-12-27,7.728,7.880,7.678,7.705,23028.000
2016-12-28,7.674,7.818,7.601,7.728,25684.000
2016-12-29,7.643,7.794,7.616,7.616,27422.000
2016-12-30,7.713,7.732,7.581,7.678,26582.000
2017-01-03,7.852,7.876,7.694,7.694,20734.000
2017-01-04,7.798,7.918,7.728,7.810,23311.000
2017-01-05,7.713,7.790,7.682,7.790,14768.000
2017-01-06,7.678,7.779,7.635,7.744,15187.000
2017-01-09,7.589,7.744,7.453,7.705,33008.000
2017-01-10,7.480,7.589,7.461,7.581,19634.000
2017-01-11,7.477,7.558,7.418,7.480,10721.000
2017-01-12,7.325,7.488,7.321,7.469,15739.000
2017-01-13,7.081,7.411,7.070,7.325,26427.000
2017-01-16,6.682,7.132,6.376,7.081,56433.000
2017-01-17,7.046,7.101,6.511,6.682,38451.000
2017-01-18,7.050,7.093,6.849,7.039,14258.000
2017-01-19,6.938,7.093,6.911,6.973,14879.000
2017-01-20,7.000,7.089,6.852,6.938,17637.000
2017-01-23,7.000,7.089,6.915,7.000,16703.000
2017-01-24,7.000,7.046,6.911,6.992,10495.000
2017-01-25,6.996,7.042,6.934,7.011,5611.000
2017-01-26,7.143,7.182,6.961,7.039,12871.000
2017-02-03,7.097,7.259,7.035,7.132,18503.000
2017-02-06,7.027,7.097,6.953,7.046,21523.000
2017-02-07,6.821,7.027,6.775,7.027,39383.000
2017-02-08,6.814,6.872,6.767,6.775,28207.000
2017-02-09,6.899,6.977,6.787,6.814,32070.000
2017-02-10,6.907,6.965,6.825,6.895,15784.000
2017-02-13,6.980,7.004,6.887,6.915,25272.000
2017-02-14,7.004,7.011,6.915,6.973,17758.000
2017-02-15,6.891,7.000,6.802,6.988,30099.000
2017-02-16,6.852,6.907,6.814,6.880,13330.000
2017-02-17,6.798,6.938,6.752,6.860,12636.000
2017-02-20,6.899,6.938,6.721,6.794,27448.000
2017-02-21,7.411,7.577,7.008,7.008,83499.000
2017-02-22,7.259,7.411,7.225,7.380,46999.000
2017-02-23,7.349,7.395,7.271,7.271,32977.000
2017-02-24,7.287,7.349,7.217,7.349,23602.000
2017-02-27,7.248,7.380,7.190,7.209,20101.000
2017-02-28,7.329,7.376,7.248,7.248,27817.000
2017-03-01,7.356,7.368,7.283,7.298,22437.000
2017-03-02,7.279,7.387,7.248,7.387,22784.000
2017-03-03,7.298,7.349,7.174,7.240,20574.000
2017-03-06,7.449,7.484,7.287,7.298,28614.000
2017-03-07,7.356,7.473,7.290,7.453,21541.000
2017-03-08,7.732,7.748,7.364,7.364,80800.000
2017-03-09,7.732,7.771,7.519,7.752,53034.000
2017-03-10,7.779,7.806,7.643,7.659,28426.000
2017-03-13,7.748,7.829,7.674,7.674,26571.000
2017-03-14,7.674,7.752,7.539,7.748,50722.000
2017-03-15,7.674,7.744,7.558,7.651,30787.000
2017-03-16,7.597,7.725,7.546,7.651,31629.000
2017-03-17,7.725,7.790,7.558,7.635,40304.000
2017-03-20,7.597,7.810,7.577,7.752,38401.000
2017-03-21,7.818,7.825,7.480,7.593,49729.000
2017-03-22,8.197,8.333,7.713,7.756,81704.000
2017-03-23,8.093,8.248,7.942,8.139,37691.000
2017-03-24,8.042,8.186,7.945,8.097,27255.000
2017-03-27,7.449,8.116,7.240,8.116,141528.000
2017-03-28,7.267,7.438,7.194,7.438,65833.000
2017-03-29,7.256,7.364,7.209,7.302,36368.000
2017-03-30,7.077,7.267,7.035,7.256,33688.000
2017-03-31,7.228,7.310,7.093,7.093,32231.000
2017-04-05,7.306,7.341,7.174,7.209,20886.000
2017-04-06,7.337,7.360,7.256,7.310,19865.000
2017-04-07,7.112,7.360,7.077,7.349,51828.000
2017-04-10,7.093,7.197,7.054,7.151,19509.000
2017-04-11,7.000,7.147,6.911,7.132,36713.000
2017-04-12,7.046,7.066,6.918,6.996,21070.000
2017-04-13,7.062,7.147,7.046,7.046,19547.000
2017-04-14,6.911,7.093,6.829,6.988,24392.000
2017-04-17,7.019,7.039,6.880,6.903,19705.000
2017-04-18,7.182,7.318,7.000,7.151,38890.000
2017-04-19,7.403,7.414,7.209,7.279,60059.000
2017-04-20,7.539,7.597,7.294,7.403,53902.000
2017-04-21,7.422,7.612,7.298,7.480,57362.000
2017-04-24,7.213,7.364,7.112,7.364,20168.000
2017-04-25,7.143,7.318,7.143,7.213,21080.000
2017-04-26,7.128,7.201,7.042,7.120,29006.000
2017-04-27,7.116,7.178,6.918,7.128,26783.000
2017-04-28,7.139,7.194,7.070,7.116,12092.000
2017-05-02,7.054,7.151,6.977,7.135,19767.000
2017-05-03,7.139,7.143,6.992,7.054,18023.000
2017-05-04,7.101,7.170,7.008,7.104,12969.000
2017-05-05,7.054,7.128,7.042,7.112,8993.000
2017-05-08,6.841,7.054,6.829,7.054,20226.000
2017-05-09,7.015,7.042,6.744,6.802,13436.000
2017-05-10,6.783,7.042,6.775,7.000,18614.000
2017-05-11,6.705,6.821,6.589,6.763,18169.000
2017-05-12,6.790,6.841,6.670,6.713,10971.000
2017-05-15,6.856,6.938,6.790,6.790,14508.000
2017-05-16,6.860,6.911,6.783,6.911,17640.000
2017-05-17,6.903,7.000,6.802,6.802,18421.000
2017-05-18,6.860,6.915,6.787,6.852,16316.000
2017-05-19,6.678,6.934,6.670,6.864,17558.000
2017-05-22,6.740,6.841,6.415,6.581,50706.000
2017-05-23,6.697,6.814,6.694,6.744,22919.000
2017-05-24,6.736,6.736,6.515,6.608,10822.000
2017-05-25,6.740,6.783,6.655,6.728,7760.000
2017-05-26,6.798,6.798,6.736,6.740,12222.000
2017-05-31,6.891,6.918,6.821,6.821,21551.000
2017-06-01,6.687,6.903,6.681,6.891,25775.000
2017-06-02,6.494,6.687,6.085,6.663,75678.000
2017-06-05,6.470,6.541,6.371,6.476,28913.000
2017-06-06,6.915,7.119,6.430,6.459,75949.000
2017-06-07,6.950,7.014,6.845,6.944,55546.000
2017-06-08,7.230,7.248,6.956,7.061,74470.000
2017-06-09,7.154,7.265,7.061,7.248,45408.000
2017-06-12,7.049,7.219,7.032,7.137,28822.000
2017-06-13,7.061,7.131,7.014,7.049,17520.000
2017-06-14,7.160,7.224,7.037,7.061,29075.000
2017-06-15,7.172,7.230,7.084,7.160,21567.000
2017-06-16,7.154,7.213,7.096,7.137,24230.000
2017-06-19,7.184,7.201,7.072,7.148,18935.000
2017-06-20,7.172,7.201,7.102,7.166,17435.000
2017-06-21,7.108,7.207,7.102,7.154,18962.000
2017-06-22,6.938,7.119,6.880,7.072,34471.000
2017-06-23,6.833,6.921,6.769,6.921,20917.000
2017-06-26,7.049,7.061,6.798,6.833,28574.000
2017-06-27,7.359,7.394,7.026,7.026,64784.000
2017-06-28,7.382,7.511,7.254,7.336,45107.000
2017-06-29,7.458,7.575,7.406,7.458,47500.000
2017-06-30,7.733,7.791,7.417,7.417,62275.000
2017-07-03,7.873,7.885,7.657,7.704,39471.000
2017-07-04,7.715,7.879,7.657,7.873,46617.000
2017-07-05,7.698,7.879,7.628,7.715,52406.000
2017-07-06,7.774,7.838,7.657,7.704,44975.000
2017-07-07,7.774,7.856,7.692,7.774,33132.000
2017-07-10,7.534,7.762,7.365,7.762,49702.000
2017-07-11,7.517,7.599,7.482,7.482,18255.000
2017-07-12,7.546,7.587,7.365,7.511,25056.000
2017-07-13,7.797,7.908,7.482,7.499,58650.000
2017-07-14,7.762,7.844,7.616,7.774,54010.000
2017-07-17,7.552,7.768,7.248,7.745,38423.000
2017-07-18,7.721,7.821,7.306,7.563,39766.000
2017-07-19,7.756,7.809,7.581,7.698,31652.000
2017-07-20,7.657,7.768,7.616,7.756,30947.000
2017-07-21,7.949,7.990,7.599,7.651,69037.000
2017-07-24,7.943,8.008,7.780,7.978,55176.000
2017-07-25,8.224,8.242,7.745,7.885,86580.000
2017-07-26,7.984,8.253,7.978,8.247,56146.000
2017-07-27,7.832,7.984,7.715,7.914,49630.000
2017-07-28,7.768,7.879,7.675,7.832,40763.000
2017-07-31,7.739,7.774,7.599,7.774,63911.000
2017-08-01,7.844,7.885,7.675,7.733,58007.000
2017-08-02,7.622,7.873,7.593,7.838,53897.000
2017-08-03,7.487,7.686,7.365,7.575,74849.000
2017-08-04,7.493,7.599,7.417,7.470,30455.000
2017-08-07,7.476,7.563,7.423,7.499,20858.000
2017-08-08,7.365,7.505,7.306,7.505,22958.000
2017-08-09,7.628,7.698,7.330,7.365,49972.000
2017-08-10,7.476,7.622,7.441,7.622,30378.000
2017-08-11,7.482,7.546,7.336,7.476,17611.000
2017-08-14,7.593,7.616,7.400,7.470,17830.000
2017-08-15,7.733,7.774,7.534,7.593,48699.000
2017-08-16,7.745,7.821,7.622,7.727,28282.000
2017-08-17,7.786,7.803,7.686,7.721,35165.000
2017-08-18,7.698,7.791,7.698,7.786,21586.000
2017-08-21,7.832,7.879,7.669,7.669,32720.000
2017-08-22,7.879,7.902,7.774,7.827,24180.000
2017-08-23,7.756,7.885,7.715,7.850,10374.000
2017-08-24,7.675,7.832,7.657,7.745,12291.000
2017-08-25,7.651,7.745,7.593,7.616,21601.000
2017-08-28,7.651,7.692,7.599,7.651,33606.000
2017-08-29,7.803,7.862,7.639,7.651,42408.000
2017-08-30,7.599,7.862,7.540,7.803,63572.000
2017-08-31,7.657,7.675,7.599,7.604,30295.000
2017-09-01,7.616,7.680,7.569,7.680,41780.000
2017-09-04,7.622,7.651,7.487,7.616,48350.000
2017-09-05,7.967,8.019,7.622,7.622,100855.000
2017-09-06,7.908,7.996,7.844,7.879,62751.000
2017-09-07,7.827,7.932,7.797,7.856,42213.000
2017-09-08,7.774,7.891,7.715,7.786,38918.000
2017-09-11,7.803,8.025,7.721,7.797,88814.000
2017-09-12,8.130,8.253,7.827,7.832,158936.000
2017-09-13,8.002,8.294,7.891,8.113,114753.000
2017-09-14,7.745,8.002,7.721,8.002,122052.000
2017-09-15,7.762,7.879,7.634,7.715,52536.000
2017-09-18,7.663,7.797,7.634,7.791,61767.000
2017-09-19,7.528,7.692,7.482,7.692,114334.000
2017-09-20,7.552,7.651,7.511,7.528,76653.000
2017-09-21,7.441,7.587,7.435,7.552,59908.000
2017-09-22,7.482,7.546,7.423,7.441,46801.000
2017-09-25,7.563,7.698,7.447,7.493,64020.000
2017-09-26,7.581,7.692,7.511,7.634,33690.000
2017-09-27,7.902,7.920,7.599,7.645,158383.000
2017-09-28,8.183,8.201,7.867,7.897,169018.000
2017-09-29,8.177,8.300,8.060,8.136,164240.000
2017-10-09,8.265,8.358,8.019,8.206,129946.000
2017-10-10,8.166,8.388,8.054,8.236,97070.000
2017-10-11,8.095,8.242,8.049,8.189,77126.000
2017-10-12,8.329,8.540,8.136,8.136,144697.000
2017-10-13,8.768,8.797,8.353,8.353,202631.000
2017-10-16,8.738,8.873,8.581,8.826,90585.000
2017-10-17,8.768,8.797,8.610,8.721,57211.000
2017-10-18,8.680,9.001,8.656,8.762,61496.000
2017-10-19,8.844,8.925,8.592,8.686,58155.000
2017-10-20,9.165,9.183,8.709,8.844,74191.000
2017-10-23,9.124,9.264,9.001,9.165,43185.000
2017-10-24,9.288,9.446,9.019,9.118,78920.000
2017-10-25,9.183,9.381,9.118,9.282,51034.000
2017-10-26,9.042,9.253,8.960,9.183,80897.000
2017-10-27,9.223,9.247,8.990,9.042,58872.000
2017-10-30,8.832,9.218,8.662,9.218,98482.000
2017-10-31,8.709,8.884,8.388,8.838,120655.000
2017-11-01,8.598,8.808,8.446,8.750,96746.000
2017-11-02,8.475,8.586,8.417,8.581,68275.000
2017-11-03,8.949,8.990,8.505,8.563,126666.000
2017-11-06,9.241,9.352,8.715,8.943,104081.000
2017-11-07,9.194,9.457,9.077,9.153,75673.000
2017-11-08,9.177,9.264,9.071,9.229,61885.000
2017-11-09,9.364,9.440,9.001,9.118,43634.000
2017-11-10,9.650,9.674,9.177,9.364,82245.000
2017-11-13,9.364,9.703,9.241,9.644,56803.000
2017-11-14,9.177,9.633,9.177,9.305,55675.000
2017-11-15,9.048,9.294,8.814,9.206,71801.000
2017-11-16,9.013,9.077,8.925,8.990,44515.000
2017-11-17,8.791,9.247,8.750,9.031,43399.000
2017-11-20,9.294,9.311,8.522,8.791,89223.000
2017-11-21,9.071,9.294,8.896,9.294,80678.000
2017-11-22,8.680,9.060,8.680,9.060,62742.000
2017-11-23,8.563,8.826,8.475,8.651,40804.000
2017-11-24,8.551,8.651,8.452,8.534,15857.000
2017-11-27,8.458,8.616,8.364,8.575,32276.000
2017-11-28,8.709,8.762,8.382,8.399,48351.000
2017-11-29,8.668,8.855,8.475,8.656,44060.000
2017-11-30,8.727,8.873,8.581,8.668,25630.000
2017-12-01,8.797,8.978,8.732,8.773,27049.000
2017-12-04,8.540,8.855,8.522,8.768,28773.000
2017-12-05,8.534,8.727,8.300,8.592,66340.000
2017-12-06,8.616,8.674,8.399,8.522,37559.000
2017-12-07,8.516,8.744,8.446,8.534,48358.000
2017-12-08,8.762,8.820,8.475,8.487,54352.000
2017-12-11,8.808,8.832,8.616,8.709,36784.000
2017-12-12,8.779,8.949,8.756,8.779,27680.000
2017-12-13,8.960,9.036,8.610,8.610,41493.000
2017-12-14,9.042,9.124,8.890,8.960,38572.000
2017-12-15,8.849,9.083,8.797,9.025,28840.000
2017-12-18,8.709,9.036,8.581,8.884,35606.000
2017-12-19,8.686,8.884,8.621,8.651,46438.000
2017-12-20,8.505,8.721,8.417,8.697,64354.000
2017-12-21,8.808,8.849,8.464,8.499,52024.000
2017-12-22,8.785,8.996,8.738,8.773,38420.000
2017-12-25,8.908,8.978,8.703,8.785,65349.000
2017-12-26,8.884,9.060,8.768,8.955,38077.000
2017-12-27,8.879,9.054,8.844,8.844,52683.000
2017-12-28,9.077,9.527,8.738,8.879,80697.000
2017-12-29,9.516,9.533,9.089,9.130,101394.000
2018-01-02,9.434,9.603,9.358,9.504,57597.000
2018-01-03,9.568,9.861,9.352,9.434,125095.000
2018-01-04,9.837,10.200,9.539,10.200,227319.000
2018-01-05,9.375,9.703,9.358,9.592,134246.000
2018-01-08,9.446,9.486,9.165,9.411,119498.000
2018-01-09,9.177,9.440,9.142,9.358,90226.000
2018-01-10,9.235,9.340,9.019,9.183,93217.000
2018-01-11,9.089,9.130,8.797,9.060,138205.000
2018-01-12,8.896,9.060,8.861,9.001,60991.000
2018-01-15,8.452,8.820,8.329,8.768,220869.000
2018-01-16,8.516,8.633,8.364,8.429,88816.000
2018-01-17,8.300,8.557,8.171,8.528,133979.000
2018-01-18,8.551,8.633,8.306,8.317,122452.000
2018-01-19,8.604,8.639,8.423,8.481,101287.000
2018-01-22,8.645,8.674,8.434,8.563,63853.000
2018-01-23,8.475,8.686,8.364,8.616,71060.000
2018-01-24,8.434,8.510,8.388,8.481,77264.000
2018-01-25,8.545,8.621,8.370,8.434,63614.000
2018-01-26,8.475,8.627,8.446,8.534,81310.000
2018-01-29,8.411,8.551,8.388,8.440,53552.000
2018-01-30,8.183,8.417,7.891,8.411,76745.000
2018-01-31,8.317,8.376,8.066,8.066,62703.000
2018-02-01,8.247,8.376,7.978,8.282,90446.000
2018-02-02,8.084,8.242,8.037,8.189,56328.000
2018-02-05,8.031,8.259,7.920,8.101,77815.000
2018-02-06,7.587,7.967,7.482,7.780,70635.000
2018-02-07,7.786,7.844,7.540,7.780,75811.000
2018-02-08,7.967,8.037,7.733,7.780,78854.000
2018-02-09,7.803,8.025,7.645,7.862,78853.000
2018-02-12,7.973,8.183,7.791,7.791,63237.000
2018-02-13,7.926,8.054,7.908,8.054,37892.000
2018-02-14,7.926,7.938,7.838,7.932,20430.000
2018-02-22,8.399,8.475,7.891,8.002,82199.000
2018-02-23,8.522,8.581,8.277,8.353,45006.000
2018-02-26,8.598,8.692,8.376,8.540,78975.000
2018-02-27,8.861,8.931,8.557,8.569,106031.000
2018-02-28,8.779,8.955,8.662,8.826,56598.000
2018-03-01,8.873,8.966,8.656,8.697,65837.000
2018-03-02,8.779,8.920,8.569,8.896,70086.000
2018-03-05,8.651,8.838,8.581,8.738,46418.000
2018-03-06,8.686,8.779,8.645,8.738,42024.000
2018-03-07,8.797,8.884,8.709,8.762,51748.000
2018-03-08,8.861,8.890,8.662,8.768,45215.000
2018-03-09,8.972,8.972,8.715,8.861,66726.000
2018-03-12,9.124,9.206,8.914,9.013,103628.000
2018-03-13,8.949,9.177,8.931,9.159,57386.000
2018-03-14,8.908,9.031,8.890,8.949,34863.000
2018-03-15,8.908,8.955,8.855,8.896,28284.000
2018-03-16,9.060,9.206,8.925,8.925,77461.000
2018-03-19,9.060,9.276,9.013,9.089,29103.000
2018-03-20,9.083,9.147,8.984,8.990,31641.000
2018-03-21,8.960,9.177,8.861,9.054,37821.000
2018-03-22,8.844,9.107,8.826,8.996,31680.000
2018-03-23,8.434,8.791,8.271,8.639,69508.000
2018-03-26,8.499,8.598,8.183,8.288,51293.000
2018-03-27,8.826,8.884,8.563,8.563,52737.000
2018-03-28,8.709,8.820,8.604,8.768,35945.000
2018-03-29,8.651,8.791,8.621,8.709,26431.000
2018-03-30,8.692,8.814,8.651,8.709,40009.000
2018-04-02,8.522,8.732,8.505,8.709,39413.000
2018-04-03,8.522,8.616,8.423,8.475,31181.000
2018-04-04,8.639,8.715,8.493,8.522,31227.000
2018-04-09,8.586,8.627,8.522,8.569,17288.000
2018-04-10,8.697,8.744,8.499,8.499,22468.000
2018-04-11,8.797,8.914,8.598,8.744,67555.000
2018-04-12,8.838,8.873,8.709,8.808,64062.000
2018-04-13,8.768,8.873,8.703,8.873,36584.000
2018-04-16,8.616,8.797,8.534,8.744,32806.000
2018-04-17,8.458,8.680,8.429,8.633,41040.000
2018-04-18,8.446,8.569,8.259,8.481,37431.000
2018-04-19,8.528,8.651,8.358,8.440,34295.000
2018-04-20,8.475,8.651,8.265,8.528,32517.000
2018-04-23,8.522,8.651,8.429,8.475,28139.000
2018-04-24,8.703,8.709,8.452,8.487,27416.000
2018-04-25,8.651,8.855,8.598,8.844,44673.000
2018-04-26,8.429,8.692,8.417,8.627,25522.000
2018-04-27,8.224,8.516,7.973,8.434,41631.000
2018-05-02,8.417,8.417,8.189,8.218,29439.000
2018-05-03,8.575,8.633,8.388,8.417,27343.000
2018-05-04,8.469,8.604,8.277,8.575,45529.000
2018-05-07,8.493,8.651,8.429,8.481,58834.000
2018-05-08,8.429,8.522,8.358,8.393,48620.000
2018-05-09,8.481,8.522,8.393,8.434,32449.000
2018-05-10,9.048,9.060,8.522,8.540,147572.000
2018-05-11,9.270,9.294,9.007,9.060,171001.000
2018-05-14,9.288,9.323,9.165,9.282,89217.000
2018-05-15,9.340,9.375,9.235,9.288,70444.000
2018-05-16,9.299,9.411,9.183,9.264,61366.000
2018-05-17,9.180,9.750,9.100,9.380,212124.000
2018-05-18,9.250,9.500,9.090,9.200,112186.280
2018-05-21,9.180,9.470,9.150,9.290,127066.180
2018-05-22,9.270,9.370,9.180,9.300,85293.430
2018-05-23,9.600,9.770,9.200,9.290,219508.350
2018-05-24,9.440,9.580,9.230,9.500,141410.540
2018-05-25,9.360,9.490,9.200,9.380,83510.020
2018-05-28,9.710,9.800,9.230,9.230,186778.010
2018-05-29,9.830,9.960,9.650,9.750,138703.780
2018-05-30,9.500,9.860,9.400,9.700,122811.290
2018-05-31,9.950,10.080,9.490,9.620,168252.370
2018-06-01,9.820,10.150,9.680,9.900,109375.930
2018-06-04,10.310,10.500,9.840,9.880,187654.600
2018-06-05,10.620,10.690,10.160,10.320,136758.440
2018-06-06,10.540,10.560,10.290,10.450,106747.670
2018-06-07,10.280,10.490,10.090,10.400,146842.340
2018-06-08,10.150,10.250,10.020,10.200,67963.400
2018-06-11,9.890,10.200,9.760,10.170,168646.210
2018-06-12,9.990,10.020,9.530,9.830,113365.940
2018-06-13,9.680,9.990,9.600,9.990,78178.830
2018-06-14,9.700,9.830,9.600,9.710,56851.980
2018-06-15,9.660,9.800,9.440,9.630,57047.910
2018-06-19,9.160,9.540,8.900,9.540,82456.080
2018-06-20,9.600,9.650,9.070,9.150,87960.190
2018-06-21,9.040,9.700,9.020,9.700,92386.000
2018-06-22,9.230,9.300,8.900,9.040,73668.000
2018-06-25,9.360,9.530,9.250,9.250,68078.270
2018-06-26,9.510,9.510,9.160,9.280,67471.960
2018-06-27,9.130,9.520,9.080,9.490,55065.610
2018-06-28,8.900,9.250,8.880,9.090,53531.330
2018-06-29,9.420,9.440,8.900,8.900,103775.150
2018-07-02,9.180,9.430,9.070,9.430,50156.610
2018-07-03,9.100,9.230,8.750,9.180,69398.950
2018-07-04,8.950,9.100,8.850,8.950,44495.280
2018-07-05,8.670,9.030,8.660,8.980,44479.010
2018-07-06,8.900,9.140,8.690,8.730,64507.300
2018-07-09,9.350,9.390,8.800,8.900,109676.000
2018-07-10,9.550,9.700,9.300,9.340,67878.000
2018-07-11,9.420,9.540,9.250,9.430,44589.290
2018-07-12,9.880,9.880,9.460,9.480,77646.530
2018-07-13,9.920,10.000,9.710,9.880,57026.200
2018-07-16,9.860,9.970,9.750,9.900,37678.180
2018-07-17,10.030,10.050,9.580,9.800,64916.990
2018-07-18,9.730,10.040,9.700,9.980,50073.000
2018-07-19,9.880,9.950,9.600,9.700,55032.000
2018-07-20,9.810,9.920,9.750,9.750,46642.570
2018-07-23,9.670,9.980,9.600,9.800,74750.900
2018-07-24,9.690,9.800,9.580,9.730,78217.170
2018-07-25,9.700,9.950,9.640,9.700,81600.530
2018-07-26,9.520,9.830,9.410,9.730,87679.390
2018-07-27,9.550,9.630,9.420,9.520,34382.820
2018-07-30,9.320,9.650,9.250,9.550,60190.790
2018-07-31,9.490,9.560,9.250,9.300,58604.880
2018-08-01,9.460,9.600,9.450,9.490,39313.740
2018-08-02,9.300,9.430,9.100,9.360,50199.570
2018-08-03,9.070,9.320,9.060,9.300,26645.020
2018-08-06,8.790,9.190,8.690,9.080,58450.150
2018-08-07,8.700,8.900,7.910,8.860,135408.800
2018-08-08,7.950,8.620,7.830,8.620,232510.250
2018-08-09,8.150,8.250,7.690,7.880,119176.320
2018-08-10,8.210,8.340,8.070,8.090,64945.170
2018-08-13,8.480,8.540,8.080,8.160,65490.910
2018-08-14,8.620,8.750,8.470,8.490,76104.550
2018-08-15,8.260,8.680,8.250,8.680,61227.310
2018-08-16,8.300,8.460,8.000,8.100,50262.920
2018-08-17,8.100,8.500,8.080,8.380,62923.150
2018-08-20,8.220,8.280,8.070,8.110,43756.080
2018-08-21,8.430,8.600,8.220,8.220,79647.000
2018-08-22,8.410,8.490,8.310,8.470,35782.300
2018-08-23,8.380,8.460,8.310,8.420,38393.510
2018-08-24,8.380,8.500,8.310,8.350,56612.020
2018-08-27,8.590,8.630,8.350,8.380,58246.340
2018-08-28,8.720,8.820,8.570,8.600,59597.000
2018-08-29,8.740,8.800,8.600,8.720,33636.000
2018-08-30,8.620,8.800,8.550,8.670,25096.120
2018-08-31,8.480,8.620,8.380,8.570,32221.270
2018-09-03,8.490,8.560,8.300,8.490,50236.000
2018-09-04,8.340,8.480,8.150,8.480,105385.000
2018-09-05,7.950,8.250,7.830,8.240,119602.000
2018-09-06,7.870,7.970,7.770,7.960,87497.000
2018-09-07,7.760,7.970,7.700,7.850,67269.000
2018-09-10,7.400,7.780,7.190,7.770,139609.000
2018-09-11,7.590,7.640,7.350,7.430,62704.100
2018-09-12,7.690,7.750,7.510,7.590,45114.990
2018-09-13,7.970,8.020,7.660,7.800,109114.750
2018-09-14,7.810,8.000,7.670,7.920,78754.420
2018-09-17,7.550,7.690,7.220,7.690,70085.220
2018-09-18,7.670,7.720,7.500,7.560,27068.000
2018-09-19,7.820,7.870,7.630,7.670,37592.200
2018-09-20,8.070,8.220,7.820,7.820,90633.800
2018-09-21,8.100,8.170,7.850,8.100,51677.340
2018-09-25,8.080,8.180,7.950,8.000,23697.750
2018-09-26,8.330,8.500,8.080,8.080,65634.890
2018-09-27,8.160,8.330,8.050,8.280,49827.400
2018-09-28,8.250,8.280,8.030,8.090,47801.150
2018-10-08,7.790,8.140,7.790,8.140,46297.790
2018-10-09,7.990,8.170,7.790,7.790,36653.000
2018-10-10,8.170,8.170,8.000,8.130,26613.000
2018-10-11,7.760,8.070,7.720,7.890,71554.000
2018-10-12,7.840,8.020,7.630,7.640,55534.000
2018-10-15,7.280,7.950,7.280,7.900,92560.510
2018-10-16,7.140,7.380,7.040,7.300,67606.000
2018-10-17,7.000,7.280,6.930,7.210,55125.000
2018-10-18,6.900,7.070,6.750,6.930,91002.340
2018-10-19,7.020,7.150,6.750,6.870,57009.000
2018-10-22,7.400,7.690,7.020,7.020,173108.000
2018-10-23,7.500,7.620,7.360,7.500,101673.000
2018-10-24,7.570,7.600,7.350,7.410,44648.170
2018-10-25,7.380,7.510,7.240,7.350,56886.880
2018-10-26,7.360,7.570,7.320,7.480,26406.260
2018-10-29,6.800,7.300,6.720,7.220,169451.050
2018-10-30,7.080,7.170,6.800,6.800,86678.000
2018-10-31,7.220,7.270,7.030,7.070,75061.000
2018-11-01,7.370,7.430,7.220,7.300,60624.000
2018-11-02,7.820,7.950,7.470,7.500,112764.000
2018-11-05,7.950,8.080,7.710,7.760,84356.000
2018-11-06,7.890,8.020,7.820,7.960,43226.000
2018-11-07,7.930,8.040,7.870,7.900,58209.000
2018-11-08,7.820,8.070,7.740,8.020,58871.000
2018-11-09,7.860,8.090,7.680,7.840,108692.000
2018-11-12,8.120,8.400,7.900,7.940,104032.870
2018-11-13,8.160,8.380,8.030,8.030,92471.800
2018-11-14,8.210,8.340,8.070,8.150,74392.000
2018-11-15,8.380,8.380,8.110,8.120,73337.000
2018-11-16,8.500,8.570,8.300,8.300,109109.000
2018-11-19,8.480,8.690,8.330,8.500,79344.000
2018-11-20,8.100,8.400,8.010,8.350,103355.100
2018-11-21,8.100,8.170,7.860,8.000,61066.780
2018-11-22,8.080,8.240,8.030,8.130,57099.180
2018-11-23,7.900,8.160,7.840,8.120,68446.000
2018-11-26,8.120,8.180,7.800,7.800,75984.000
2018-11-27,8.220,8.300,8.000,8.100,115996.170
2018-11-28,8.550,8.670,8.210,8.210,167923.660
2018-11-29,8.570,8.840,8.450,8.500,110554.520
2018-11-30,8.550,8.650,8.400,8.570,95985.720
2018-12-03,8.780,8.980,8.620,8.860,171047.590
2018-12-04,8.880,9.080,8.650,8.790,135571.040
2018-12-05,8.800,8.970,8.600,8.720,81220.190
2018-12-06,8.710,8.840,8.670,8.720,67086.460
2018-12-07,8.900,8.940,8.710,8.800,107855.000
2018-12-10,8.780,8.940,8.520,8.870,107349.000
2018-12-11,8.810,8.900,8.640,8.720,63299.000
2018-12-12,8.840,8.900,8.780,8.800,81313.930
2018-12-13,9.040,9.170,8.840,8.840,80125.120
2018-12-14,9.060,9.220,8.950,9.000,71167.050
2018-12-17,8.850,9.050,8.700,9.010,92315.000
2018-12-18,8.610,8.880,8.550,8.800,71166.000
2018-12-19,8.390,8.690,8.340,8.670,107581.000
2018-12-20,8.340,8.560,8.180,8.470,128199.000
2018-12-21,8.420,8.500,8.300,8.350,88323.000
2018-12-24,8.840,8.970,8.430,8.470,122348.000
2018-12-25,8.740,8.900,8.500,8.880,93881.000
2018-12-26,8.730,8.900,8.710,8.840,65692.000
2018-12-27,8.700,8.910,8.330,8.830,107024.000
2018-12-28,8.520,8.660,8.340,8.580,99673.000
2019-01-02,8.230,8.550,8.100,8.500,102996.280
2019-01-03,8.170,8.350,8.060,8.230,65890.370
2019-01-04,8.160,8.260,7.960,8.100,95677.460
2019-01-07,8.050,8.100,7.850,8.100,225993.960
2019-01-08,8.010,8.200,7.980,8.040,89454.610
2019-01-09,8.170,8.440,7.970,8.040,143743.220
2019-01-10,8.090,8.220,8.050,8.170,50840.170
2019-01-11,8.130,8.150,8.020,8.100,40767.300
2019-01-14,8.080,8.150,7.950,8.150,57621.390
2019-01-15,8.160,8.220,8.000,8.050,57549.830
2019-01-16,8.060,8.170,8.020,8.170,57371.310
2019-01-17,7.940,8.080,7.940,8.070,53715.500
2019-01-18,8.120,8.170,7.800,7.970,89725.000
2019-01-21,8.150,8.240,8.090,8.100,85506.000
2019-01-22,8.080,8.170,8.000,8.170,66306.000
2019-01-23,8.060,8.110,8.020,8.060,24895.300
2019-01-24,8.130,8.140,7.960,8.080,33806.510
2019-01-25,7.810,8.110,7.720,8.100,152084.970
2019-01-28,7.670,7.930,7.560,7.820,119883.000
2019-01-29,7.990,8.030,7.530,7.720,118727.000
2019-01-30,7.780,8.050,7.760,7.980,58269.000
2019-01-31,7.860,7.950,7.760,7.880,44353.000
2019-02-01,7.930,7.940,7.720,7.870,71491.000
2019-02-11,8.120,8.140,7.870,7.900,74967.000
2019-02-12,8.420,8.460,8.120,8.120,120744.000
2019-02-13,8.490,8.670,8.350,8.420,81901.100
2019-02-14,8.250,8.540,8.200,8.490,141092.430
2019-02-15,7.910,8.250,7.880,8.160,258624.140
2019-02-18,8.060,8.060,7.800,7.920,268338.000
2019-02-19,8.050,8.230,7.950,8.050,172360.000
2019-02-20,8.020,8.140,7.850,8.140,118846.000
2019-02-21,7.800,7.990,7.790,7.990,206688.000
2019-02-22,7.730,7.810,7.560,7.810,182128.000
2019-02-25,8.030,8.070,7.700,7.750,478491.000
2019-02-26,7.890,8.020,7.840,7.950,265215.110
2019-02-27,8.040,8.160,7.820,7.850,289514.000
2019-02-28,8.770,8.830,8.000,8.030,542383.000
2019-03-01,8.690,8.800,8.360,8.780,328766.090
2019-03-04,8.630,8.830,8.510,8.640,288650.380
2019-03-05,8.650,8.650,8.500,8.560,182869.510
2019-03-06,8.560,8.680,8.420,8.660,235114.850
2019-03-07,8.590,8.700,8.450,8.570,240796.000
2019-03-08,8.080,8.470,8.060,8.430,226524.630
2019-03-11,8.250,8.300,8.030,8.030,161894.780
2019-03-12,8.280,8.440,8.210,8.230,184083.840
2019-03-13,8.070,8.260,8.020,8.250,142997.980
2019-03-14,8.010,8.160,7.920,8.030,96661.230
2019-03-15,8.290,8.320,8.000,8.010,181415.830
2019-03-18,8.590,8.700,8.280,8.280,270670.000
2019-03-19,8.590,8.720,8.530,8.560,147816.000
2019-03-20,8.750,8.780,8.570,8.590,206537.000
2019-03-21,9.100,9.200,8.750,8.760,308378.830
2019-03-22,9.330,9.410,8.980,9.080,202867.230
2019-03-25,9.200,9.550,9.060,9.240,204714.940
2019-03-26,8.920,9.300,8.890,9.240,133336.860
2019-03-27,9.470,9.530,8.980,9.070,197943.330
2019-03-28,9.240,9.500,9.230,9.350,115430.000
2019-03-29,9.480,9.540,9.160,9.200,104069.000
2019-04-01,9.760,9.980,9.490,9.590,204340.180
2019-04-02,9.580,9.850,9.490,9.780,161016.910
2019-04-03,9.800,9.880,9.490,9.510,114504.660
2019-04-04,9.690,9.970,9.600,9.900,86789.000
2019-04-08,9.360,9.790,9.080,9.720,256001.000
2019-04-09,9.590,9.780,9.250,9.250,198525.000
2019-04-10,9.960,10.150,9.620,9.700,315885.000
2019-04-11,10.040,10.250,9.820,10.010,207308.000
2019-04-12,10.060,10.100,9.820,9.960,129254.500
2019-04-15,9.930,10.220,9.710,10.110,151518.560
2019-04-16,9.870,9.910,9.550,9.910,94656.000
2019-04-17,10.270,10.300,9.600,9.840,163599.000
2019-04-18,10.360,10.520,10.080,10.290,142858.000
2019-04-19,10.800,11.230,10.640,10.750,368266.000
2019-04-22,10.680,11.050,10.610,10.840,158472.000
2019-04-23,10.770,11.170,10.680,10.680,184366.000
2019-04-24,10.830,10.950,10.450,10.840,110555.370
2019-04-25,10.600,11.160,10.540,10.720,134897.900
2019-04-26,10.680,10.800,10.460,10.550,96197.000
2019-04-29,10.850,11.060,10.540,10.730,104675.000
2019-04-30,10.550,10.910,10.430,10.850,130384.000
2019-05-06,10.100,10.420,9.760,10.090,202486.000
2019-05-07,10.140,10.300,9.730,10.100,88225.000
2019-05-08,9.770,10.020,9.720,10.000,129571.000
2019-05-09,9.730,9.940,9.320,9.700,119835.000
2019-05-10,9.890,10.160,9.710,9.800,124391.000
2019-05-13,9.930,9.970,9.600,9.920,109255.000
2019-05-14,9.770,9.950,9.520,9.750,113596.000
2019-05-15,10.480,10.560,9.780,9.830,138457.000
2019-05-16,10.320,10.560,10.180,10.300,137628.920
2019-05-17,10.170,10.450,10.020,10.320,85661.060
2019-05-20,10.090,10.340,9.860,10.130,80675.000
2019-05-21,10.400,10.520,10.080,10.090,114228.850
2019-05-22,10.390,10.540,10.250,10.380,83275.840
2019-05-23,10.150,10.350,10.080,10.300,74757.150
2019-05-24,10.100,10.440,10.080,10.150,94770.880
2019-05-27,10.200,10.290,9.850,10.170,118895.100
2019-05-28,10.160,10.370,10.100,10.130,67254.540
2019-05-29,10.400,10.580,10.110,10.110,103366.000
2019-05-30,10.470,10.660,10.350,10.430,96779.000
2019-05-31,10.480,10.680,10.440,10.580,89470.000
2019-06-03,10.820,10.880,10.500,10.550,178927.000
2019-06-04,10.510,10.980,10.360,10.770,125562.000
2019-06-05,10.440,10.710,10.400,10.600,84468.000
2019-06-06,10.330,10.550,10.140,10.540,98610.410
2019-06-10,10.370,10.380,10.080,10.360,62745.000
2019-06-11,10.590,10.730,10.300,10.380,144555.000
2019-06-12,10.670,10.830,10.560,10.620,102997.000
2019-06-13,10.850,10.980,10.600,10.600,144658.900
2019-06-14,10.920,11.180,10.800,10.870,127145.230
2019-06-17,11.000,11.150,10.800,10.970,107714.070
2019-06-18,11.220,11.250,10.710,10.970,120637.900
2019-06-19,11.380,11.500,11.080,11.420,167164.450
2019-06-20,11.510,11.560,11.200,11.390,144910.470
2019-06-21,11.850,12.000,11.400,11.500,160566.000
2019-06-24,11.930,12.090,11.780,11.850,119048.000
2019-06-25,11.880,12.190,11.690,11.860,115411.000
2019-06-26,12.430,12.580,11.760,11.820,154378.000
2019-06-27,12.400,12.710,12.190,12.360,183051.000
2019-06-28,12.280,12.470,12.050,12.310,151122.000
2019-07-01,12.510,12.510,12.060,12.350,201616.000
2019-07-02,12.030,12.430,11.990,12.430,218841.000
2019-07-03,11.910,12.150,11.800,11.910,151533.000
2019-07-04,11.730,12.040,11.600,12.000,174875.000
2019-07-05,11.890,12.070,11.720,11.860,144193.000
2019-07-08,11.770,11.900,11.640,11.900,90492.870
2019-07-09,11.840,12.010,11.710,11.780,103701.250
2019-07-10,12.180,12.350,11.940,11.950,230960.350
2019-07-11,12.300,12.560,12.180,12.310,131313.840
2019-07-12,12.270,12.390,12.230,12.230,52661.010
2019-07-15,12.540,12.550,12.060,12.260,74617.000
2019-07-16,12.360,12.600,12.310,12.500,78354.000
2019-07-17,12.290,12.700,12.250,12.380,94806.000
2019-07-18,12.430,12.520,12.130,12.270,93150.000
2019-07-19,12.550,12.640,12.310,12.410,53733.000
2019-07-22,13.170,13.230,12.420,12.420,147369.000
2019-07-23,12.940,13.270,12.910,13.250,99827.000
2019-07-24,13.080,13.200,12.930,12.960,90691.000
2019-07-25,13.450,13.480,13.050,13.070,115836.000
2019-07-26,13.610,13.610,13.200,13.250,86184.000
2019-07-29,13.790,13.870,13.450,13.700,93058.000
2019-07-30,13.520,13.990,13.450,13.630,146922.000
2019-07-31,13.440,13.580,13.140,13.530,154436.000
2019-08-01,13.150,13.540,12.950,13.420,123864.000
2019-08-02,12.990,13.070,12.810,13.000,117453.060
2019-08-05,13.140,13.440,12.770,12.990,167720.280
2019-08-06,13.590,13.750,12.930,13.100,362322.520
2019-08-07,14.150,14.230,13.630,13.650,260644.030
2019-08-08,14.160,14.330,13.860,14.150,174621.210
2019-08-09,14.720,14.720,14.030,14.160,183887.470
2019-08-12,15.030,15.160,14.450,14.630,194923.470
2019-08-13,14.980,15.290,14.690,14.880,143094.200
2019-08-14,14.890,15.170,14.760,15.140,100286.790
2019-08-15,14.890,15.020,14.520,14.580,75057.260
2019-08-16,14.860,15.130,14.700,14.880,99504.550
2019-08-19,14.870,15.070,14.620,14.890,166720.000
2019-08-20,14.430,14.880,14.080,14.870,303283.000
2019-08-21,14.430,14.570,14.200,14.370,134683.000
2019-08-22,14.500,14.550,14.160,14.430,167961.000
2019-08-23,14.440,14.520,14.220,14.490,137241.000
2019-08-26,14.470,14.620,14.230,14.260,126586.000
2019-08-27,14.070,14.640,14.050,14.620,234213.000
2019-08-28,13.710,14.060,13.250,14.060,351097.000
2019-08-29,14.100,14.190,13.600,13.690,192986.000
2019-08-30,13.590,14.200,13.570,14.110,171130.000
2019-09-02,13.820,14.040,13.650,13.740,119135.000
2019-09-03,13.940,13.950,13.510,13.790,115109.000
2019-09-04,13.800,13.900,13.610,13.820,157840.000
2019-09-05,13.840,14.000,13.740,13.830,177695.000
2019-09-06,13.620,13.920,13.550,13.880,119533.000
2019-09-09,13.840,13.880,13.500,13.660,152968.000
2019-09-10,14.510,14.520,13.750,13.880,252610.000
2019-09-11,13.640,14.600,13.560,14.550,340239.000
2019-09-12,13.350,13.540,13.000,13.530,286439.000
2019-09-16,13.120,13.430,13.000,13.340,248193.000
2019-09-17,12.910,13.120,12.700,13.120,190578.000
2019-09-18,12.600,12.930,12.500,12.910,321041.000
2019-09-19,12.850,13.000,12.710,12.750,264360.000
2019-09-20,12.800,12.980,12.700,12.850,165728.000
2019-09-23,12.660,12.790,12.300,12.780,224515.000
2019-09-24,12.610,12.910,12.590,12.760,174970.000
2019-09-25,12.720,12.880,12.420,12.550,170290.000
2019-09-26,12.770,12.850,12.550,12.730,228247.000
2019-09-27,12.390,12.800,12.300,12.780,232960.000
2019-09-30,12.450,12.550,12.000,12.290,159099.000
2019-10-08,12.900,12.970,12.450,12.450,235512.000
2019-10-09,13.070,13.140,12.770,13.000,180368.000
2019-10-10,13.030,13.350,12.870,13.150,139281.000
2019-10-11,12.790,13.050,12.600,13.050,159081.000
2019-10-14,12.750,12.870,12.570,12.800,142566.000
2019-10-15,12.540,12.720,12.410,12.720,103229.000
2019-10-16,12.620,12.690,12.470,12.600,102708.000
2019-10-17,13.270,13.310,12.550,12.610,304645.000
2019-10-18,13.280,13.470,13.120,13.370,194985.000
2019-10-21,13.170,13.380,12.980,13.230,133355.000
2019-10-22,13.840,13.880,13.140,13.160,216412.740
2019-10-23,13.630,13.880,13.500,13.870,131811.440
2019-10-24,12.830,13.600,12.570,13.600,462369.690
2019-10-25,12.750,12.940,12.550,12.730,144304.680
2019-10-28,12.620,12.700,12.300,12.570,242048.580
2019-10-29,12.690,12.690,12.470,12.520,137906.440
2019-10-30,12.380,12.650,12.310,12.590,104922.930
2019-10-31,12.440,12.580,12.320,12.400,92276.210
2019-11-01,12.610,12.740,12.380,12.390,91124.000
2019-11-04,13.050,13.280,12.570,12.730,184965.540
2019-11-05,13.160,13.400,12.970,13.000,141427.120
2019-11-06,13.260,13.400,13.060,13.170,145566.260
2019-11-07,13.430,13.640,13.120,13.150,159569.990
2019-11-08,13.460,13.590,13.300,13.590,100745.000
2019-11-11,13.140,13.410,13.040,13.380,109832.000
2019-11-12,13.500,13.500,13.060,13.150,94589.000
2019-11-13,13.260,13.650,13.070,13.540,119906.000
2019-11-14,13.250,13.380,13.080,13.280,105698.000
2019-11-15,12.980,13.400,12.930,13.230,92242.000
2019-11-18,13.750,13.780,12.870,12.980,233826.000
2019-11-19,14.100,14.240,13.620,13.700,247089.000
2019-11-20,14.000,14.290,13.970,14.140,117997.000
2019-11-21,13.800,14.160,13.730,13.980,123193.000
2019-11-22,13.650,14.080,13.400,13.880,145306.000
2019-11-25,13.430,13.750,13.320,13.650,111741.000
2019-11-26,13.450,13.560,13.200,13.490,85542.000
2019-11-27,13.320,13.380,13.110,13.350,94583.000
2019-11-28,13.600,13.730,13.180,13.190,120811.750
2019-11-29,12.900,13.640,12.550,13.580,199665.000
2019-12-02,12.750,12.920,12.570,12.900,109483.000
2019-12-03,12.780,12.830,12.550,12.650,113373.000
2019-12-04,12.760,12.790,12.610,12.640,85259.000
2019-12-05,13.120,13.240,12.700,12.700,128730.000
2019-12-06,13.020,13.180,12.800,13.090,114221.000
2019-12-09,13.250,13.370,12.700,12.990,189707.000
2019-12-10,13.010,13.200,12.910,13.140,141646.000
2019-12-11,12.810,13.100,12.780,12.970,139710.000
2019-12-12,12.700,12.890,12.660,12.780,92716.000
2019-12-13,12.820,12.850,12.700,12.830,93794.000
2019-12-16,12.800,12.930,12.760,12.820,160449.000
2019-12-17,12.900,12.970,12.780,12.830,238493.000
2019-12-18,12.870,13.050,12.830,12.900,154928.000
2019-12-19,12.710,12.920,12.660,12.850,143813.000
2019-12-20,12.650,12.800,12.640,12.710,93356.070
2019-12-23,12.450,12.770,12.440,12.660,109147.790
2019-12-24,12.640,12.670,12.340,12.480,100122.000
2019-12-25,12.720,12.780,12.540,12.640,102502.000
2019-12-26,12.630,12.770,12.580,12.670,67363.000
2019-12-27,12.470,12.650,12.380,12.650,116794.000
2019-12-30,12.500,12.550,12.300,12.400,106544.930
2019-12-31,12.660,12.760,12.240,12.410,176887.290
2020-01-02,13.060,13.120,12.690,12.730,266769.130
2020-01-03,12.880,13.140,12.860,13.060,152275.000
2020-01-06,12.770,12.920,12.660,12.800,158634.000
2020-01-07,13.060,13.150,12.700,12.780,193095.000
2020-01-08,12.700,13.030,12.680,13.030,161460.000
2020-01-09,13.200,13.250,12.750,12.760,261824.000
2020-01-10,13.310,13.450,13.060,13.380,148666.000
2020-01-13,13.700,13.750,13.290,13.300,169610.000
2020-01-14,13.700,13.840,13.530,13.800,151893.000
2020-01-15,13.730,13.940,13.500,13.700,122647.000
2020-01-16,13.600,13.830,13.510,13.650,99902.470
2020-01-17,13.470,13.690,13.440,13.620,87253.000
2020-01-20,13.550,13.690,13.320,13.590,100981.000
2020-01-21,13.260,13.660,13.180,13.600,135179.000
2020-01-22,13.320,13.420,13.040,13.250,126847.000
2020-01-23,12.940,13.290,12.610,13.230,198610.000
2020-02-03,12.170,13.080,11.650,11.650,227814.000
2020-02-04,13.010,13.050,12.220,12.400,202960.000
2020-02-05,13.000,13.310,12.870,12.960,214012.000
2020-02-06,14.300,14.300,13.180,13.180,419548.000
2020-02-07,14.300,14.490,13.800,14.400,289166.000
2020-02-10,14.440,15.470,14.280,15.010,433370.000
2020-02-11,14.070,14.790,13.910,14.790,221107.000
2020-02-12,14.110,14.330,13.950,14.070,182154.000
2020-02-13,14.320,14.500,13.670,14.140,292325.000
2020-02-14,13.800,14.180,13.780,14.180,269972.000
2020-02-17,14.160,14.280,13.720,13.800,212389.000
2020-02-18,14.830,14.840,14.070,14.200,295482.000
2020-02-19,14.650,14.970,14.480,14.800,219060.000
2020-02-20,14.610,14.760,14.180,14.650,234391.000
2020-02-21,14.660,14.820,14.370,14.490,184400.000
2020-02-24,14.810,15.120,14.550,14.700,246598.000
2020-02-25,15.380,15.770,14.520,14.590,432582.000
2020-02-26,14.890,15.400,14.710,15.380,267242.000
2020-02-27,15.210,15.260,14.460,14.900,256932.000
2020-02-28,14.650,15.450,14.400,14.840,273750.000
2020-03-02,15.420,15.650,14.710,15.070,312501.000
2020-03-03,15.620,15.980,15.410,15.640,266495.000
2020-03-04,16.330,16.590,15.600,15.750,355339.000
2020-03-05,16.220,16.950,16.010,16.480,327205.000
2020-03-06,16.410,16.580,16.080,16.080,270178.000
2020-03-09,16.130,17.380,16.120,16.650,417179.150
2020-03-10,16.030,16.250,15.300,15.520,303031.000
2020-03-11,15.600,16.270,15.600,16.010,178377.440
2020-03-12,15.350,15.790,15.170,15.450,153173.840
2020-03-13,15.490,15.500,14.530,14.740,179945.710
2020-03-16,15.240,16.250,15.070,15.660,330470.490
2020-03-17,14.820,15.930,14.550,15.600,279273.370
2020-03-18,14.530,15.090,14.500,15.030,158002.880
2020-03-19,14.520,14.730,14.010,14.380,206311.010
2020-03-20,15.230,15.280,14.650,14.980,228622.420
2020-03-23,15.370,15.700,14.870,14.870,193441.180
2020-03-24,15.890,15.930,15.250,15.510,168535.880
2020-03-25,16.080,16.420,15.750,16.160,239716.970
2020-03-26,15.980,16.350,15.820,16.000,147181.870
2020-03-27,16.200,16.560,16.060,16.190,161216.390
