date,close,high,low,open,volume
2017-02-08,10.395,10.395,8.660,8.660,55.000
2017-02-09,11.432,11.432,11.432,11.432,15.000
2017-02-10,12.576,12.576,12.576,12.576,30.000
2017-02-13,13.835,13.835,13.835,13.835,24.000
2017-02-14,15.217,15.217,15.217,15.217,38.000
2017-02-15,16.737,16.737,16.737,16.737,48.000
2017-02-16,18.411,18.411,18.411,18.411,59.000
2017-02-17,20.253,20.253,20.253,20.253,125.000
2017-02-20,22.280,22.280,22.280,22.280,230.000
2017-02-21,24.507,24.507,24.507,24.507,371.000
2017-02-22,26.956,26.956,26.956,26.956,300.000
2017-02-23,29.650,29.650,29.650,29.650,297.000
2017-02-24,32.614,32.614,32.614,32.614,2225.000
2017-02-27,35.877,35.877,35.877,35.877,2342.000
2017-02-28,39.040,39.447,37.366,38.380,136533.000
2017-03-01,37.282,38.725,37.251,37.766,87450.000
2017-03-02,37.528,38.195,36.430,36.929,63522.000
2017-03-03,36.384,37.121,36.084,36.975,44741.000
2017-03-06,37.528,37.973,36.238,36.314,43567.000
2017-03-07,38.948,39.424,37.121,37.620,67735.000
2017-03-08,39.132,39.539,38.165,38.541,56225.000
2017-03-09,37.543,39.063,36.852,39.063,41947.000
2017-03-10,37.013,37.758,36.929,37.412,26791.000
2017-03-13,38.004,38.004,36.146,36.698,33074.000
2017-03-14,38.180,39.416,37.643,38.011,46344.000
2017-03-15,39.931,41.597,38.011,38.364,80543.000
2017-03-16,40.767,41.835,39.547,39.785,71256.000
2017-03-17,39.086,41.405,38.925,40.445,61773.000
2017-03-20,40.345,40.353,38.633,38.671,35152.000
2017-03-21,40.975,41.082,39.854,40.322,46068.000
2017-03-22,41.266,41.765,40.130,40.545,48954.000
2017-03-23,40.153,41.796,39.155,41.458,47519.000
2017-03-24,41.474,41.881,40.307,40.307,50624.000
2017-03-27,43.147,44.053,41.059,41.612,67239.000
2017-03-28,42.917,44.798,42.380,42.610,77440.000
2017-03-29,38.625,42.510,38.625,42.088,63871.000
2017-03-30,36.936,38.265,36.399,37.689,41677.000
2017-03-31,35.316,37.597,34.702,37.243,34577.000
2017-04-05,35.869,36.268,33.796,35.316,22916.000
2017-04-06,36.245,37.213,35.393,35.815,21365.000
2017-04-07,34.779,36.729,34.687,36.207,23245.000
2017-04-10,31.485,34.410,31.324,34.395,32047.000
2017-04-11,32.998,33.167,31.217,31.255,21580.000
2017-04-12,31.839,32.990,31.754,32.821,12906.000
2017-04-13,32.230,32.906,31.639,31.900,12606.000
2017-04-14,32.207,32.683,31.409,31.854,10504.000
2017-04-17,29.159,30.710,28.990,30.710,21821.000
2017-04-18,28.299,29.635,28.276,29.290,16669.000
2017-04-19,29.190,29.389,27.647,28.100,18976.000
2017-04-20,28.430,29.405,27.877,29.174,14923.000
2017-04-21,28.445,28.982,27.647,28.483,14007.000
2017-04-24,27.716,28.445,27.140,28.445,12613.000
2017-04-25,27.984,28.637,27.762,27.777,11091.000
2017-04-26,28.292,28.783,27.831,27.869,11307.000
2017-04-27,29.366,29.405,27.102,27.984,22818.000
2017-04-28,29.159,29.789,28.967,29.389,13061.000
2017-05-02,28.821,29.482,28.714,29.159,8263.000
2017-05-03,29.197,29.374,28.568,28.982,13568.000
2017-05-04,28.698,29.551,28.576,29.551,12305.000
2017-05-05,28.069,28.806,28.023,28.407,12292.000
2017-05-08,26.979,27.908,26.971,27.631,9062.000
2017-05-09,27.531,27.716,26.741,26.879,9092.000
2017-05-10,26.725,28.015,26.564,27.485,10792.000
2017-05-11,27.178,27.378,25.735,26.411,12809.000
2017-05-12,27.178,27.324,26.556,27.178,10805.000
2017-05-15,27.186,28.007,27.163,27.485,9702.000
2017-05-16,27.923,28.007,26.495,26.879,12653.000
2017-05-17,28.307,28.783,27.769,27.769,16946.000
2017-05-18,28.798,28.798,27.716,27.946,16020.000
2017-05-19,28.437,29.819,28.414,28.791,23001.000
2017-05-22,26.188,28.560,25.781,28.253,16326.000
2017-05-23,23.954,26.080,23.839,25.182,14546.000
2017-05-24,24.261,24.537,23.424,23.877,9139.000
2017-05-25,24.092,24.507,23.117,24.338,10751.000
2017-05-26,24.875,24.913,23.877,24.222,12153.000
2017-05-31,24.768,26.472,24.745,25.681,13939.000
2017-06-01,22.649,24.568,22.649,24.568,13185.000
2017-06-02,23.539,23.769,22.288,22.418,10610.000
2017-06-05,23.769,24.169,23.578,23.885,9212.000
2017-06-06,23.839,24.169,23.493,23.754,5572.000
2017-06-07,24.721,24.837,23.739,23.739,13544.000
2017-06-08,24.299,24.983,24.184,24.622,13463.000
2017-06-09,24.353,24.407,23.808,24.299,8837.000
2017-06-12,22.986,24.031,22.887,23.877,10289.000
2017-06-13,23.708,23.946,22.787,22.787,10168.000
2017-06-14,23.877,24.061,23.263,23.731,9228.000
2017-06-15,24.568,24.890,23.769,23.800,16099.000
2017-06-16,24.852,25.182,24.299,24.568,14995.000
2017-06-19,24.768,25.174,24.568,24.591,8687.000
2017-06-20,24.675,25.182,24.530,25.059,10739.000
2017-06-21,24.637,25.159,24.184,24.691,9647.000
2017-06-22,23.716,24.775,23.424,24.645,10009.000
2017-06-23,23.915,24.146,23.117,23.562,7957.000
2017-06-26,24.146,24.276,23.654,23.716,7357.000
2017-06-27,24.276,24.399,24.092,24.138,7128.000
2017-06-28,23.670,24.130,23.578,24.130,5182.000
2017-06-29,24.054,24.169,23.708,23.723,4923.000
2017-06-30,24.414,24.568,23.416,23.816,6902.000
2017-07-03,24.906,25.013,24.222,24.269,11260.000
2017-07-04,25.136,25.151,24.591,24.906,9617.000
2017-07-05,25.481,25.720,25.089,25.205,13412.000
2017-07-06,25.581,25.720,24.928,25.497,10803.000
2017-07-07,26.143,26.512,25.443,25.466,13283.000
2017-07-10,24.989,25.912,24.851,25.758,10572.000
2017-07-11,24.551,25.251,24.090,24.989,5321.000
2017-07-12,24.812,24.836,23.774,24.528,7850.000
2017-07-13,24.213,24.736,23.936,24.459,5801.000
2017-07-14,23.798,24.259,23.721,24.220,4689.000
2017-07-17,21.422,23.436,21.422,23.436,11584.000
2017-07-18,20.876,21.437,20.376,20.860,14245.000
2017-07-19,20.683,20.868,20.284,20.860,8429.000
2017-07-20,20.430,21.276,20.414,20.668,8216.000
2017-07-21,20.245,20.699,20.114,20.453,5871.000
2017-07-24,20.514,20.653,19.669,19.830,7094.000
2017-07-25,20.384,20.760,20.222,20.499,4840.000
2017-07-26,20.399,20.660,20.314,20.384,4404.000
2017-07-27,21.375,21.491,20.145,20.414,10397.000
2017-07-28,20.645,21.383,20.591,21.375,7655.000
2017-07-31,20.660,21.006,20.584,20.745,4774.000
2017-08-01,20.714,20.830,20.322,20.607,4906.000
2017-08-02,20.368,20.714,20.191,20.584,5247.000
2017-08-03,20.745,21.122,20.207,20.291,8431.000
2017-08-04,20.245,20.806,20.068,20.760,6779.000
2017-08-07,20.491,20.637,20.261,20.261,3912.000
2017-08-08,20.707,20.722,20.130,20.361,5998.000
2017-08-09,20.576,20.760,20.460,20.653,3547.000
2017-08-10,20.299,20.737,20.184,20.568,5191.000
2017-08-11,20.145,20.545,20.038,20.268,4364.000
2017-08-14,20.745,20.760,20.145,20.145,5925.000
2017-08-15,21.006,21.160,20.622,20.753,8057.000
2017-08-16,21.798,21.968,20.883,20.883,12882.000
2017-08-17,21.745,22.021,21.299,21.691,9820.000
2017-08-18,21.291,21.737,21.160,21.629,7189.000
2017-08-21,21.906,21.983,21.076,21.076,7799.000
2017-08-22,21.606,21.991,21.606,21.914,10122.000
2017-08-23,22.260,22.290,21.468,21.537,11763.000
2017-08-24,22.106,23.298,21.991,22.144,19308.000
2017-08-25,23.413,23.713,21.991,21.991,21448.000
2017-08-28,24.935,24.935,23.344,23.344,26965.000
2017-08-29,24.359,25.143,24.128,24.628,23740.000
2017-08-30,23.721,24.566,23.690,24.144,15925.000
2017-08-31,24.582,24.759,23.644,23.736,16047.000
2017-09-01,25.112,25.551,24.490,24.828,20927.000
2017-09-04,25.128,25.866,24.628,24.774,21114.000
2017-09-05,25.412,25.820,25.005,25.166,16792.000
2017-09-06,24.851,25.220,24.336,25.120,15141.000
2017-09-07,24.866,25.504,24.682,24.751,13118.000
2017-09-08,24.597,25.051,23.851,24.620,13660.000
2017-09-11,24.974,24.974,24.436,24.436,7667.000
2017-09-12,24.205,25.128,24.067,24.989,10976.000
2017-09-13,24.674,24.682,23.928,24.213,6767.000
2017-09-14,25.043,25.735,24.774,24.982,16949.000
2017-09-15,25.082,25.627,24.674,25.028,14822.000
2017-09-18,24.951,25.274,24.320,25.135,8203.000
2017-09-19,26.012,26.596,24.951,24.951,26665.000
2017-09-20,26.596,26.865,25.751,25.820,24222.000
2017-09-21,25.681,26.735,25.643,26.727,15966.000
2017-09-22,27.035,28.142,25.135,25.681,27086.000
2017-09-25,28.142,29.211,26.773,27.334,38417.000
2017-09-26,26.489,28.065,25.781,28.065,25615.000
2017-09-27,27.580,27.896,26.281,26.335,17888.000
2017-09-28,27.265,27.911,27.104,27.327,14361.000
2017-09-29,26.888,28.026,26.727,27.104,15473.000
2017-10-09,26.758,27.527,26.373,27.527,12217.000
2017-10-10,27.573,27.573,26.527,26.835,12675.000
2017-10-11,26.758,27.911,26.681,27.588,14918.000
2017-10-12,26.566,27.165,26.143,26.819,11013.000
2017-10-13,27.450,27.588,26.435,26.658,15486.000
2017-10-16,26.604,27.780,26.373,27.311,11470.000
2017-10-17,26.527,27.019,26.127,26.489,8806.000
2017-10-18,24.966,26.527,24.897,26.335,15803.000
2017-10-19,24.466,25.043,24.397,24.866,5337.000
2017-10-20,24.959,25.028,24.474,24.528,3863.000
2017-10-23,25.320,25.428,24.912,24.959,4325.000
2017-10-24,25.366,25.366,24.643,25.205,4668.000
2017-10-25,25.897,25.950,25.151,25.297,6752.000
2017-10-26,26.143,26.143,25.489,25.735,6863.000
2017-10-27,25.989,26.427,25.766,25.989,6170.000
2017-10-30,24.935,26.296,24.513,25.912,8815.000
2017-10-31,25.297,25.351,24.759,24.905,4425.000
2017-11-01,25.835,26.050,25.082,25.374,7687.000
2017-11-02,25.758,26.112,25.566,25.658,6115.000
2017-11-03,25.143,26.027,24.989,25.758,5119.000
2017-11-06,26.135,26.273,25.135,25.374,9291.000
2017-11-07,26.135,26.204,25.604,26.135,7263.000
2017-11-08,26.912,27.042,25.843,26.043,18948.000
2017-11-09,26.981,27.196,26.612,26.796,11669.000
2017-11-10,26.973,27.242,26.604,26.835,11386.000
2017-11-13,27.296,27.296,26.758,26.973,9820.000
2017-11-14,26.627,27.588,26.542,27.588,9280.000
2017-11-15,25.789,26.881,25.766,26.604,8795.000
2017-11-16,24.643,25.935,24.589,25.835,9079.000
2017-11-17,23.067,24.928,22.183,24.643,14324.000
2017-11-20,23.428,23.505,21.914,22.629,5700.000
2017-11-21,23.221,23.398,22.337,23.367,5847.000
2017-11-22,23.428,23.452,22.913,23.452,4937.000
2017-11-23,23.275,23.298,22.606,23.298,4417.000
2017-11-24,23.336,23.428,22.759,22.759,3136.000
2017-11-27,22.621,23.252,22.052,23.221,3325.000
2017-11-28,22.706,22.944,22.337,22.406,3906.000
2017-11-29,22.160,22.898,21.375,22.898,6726.000
2017-11-30,22.075,22.429,21.852,22.021,2813.000
2017-12-01,22.314,22.421,21.606,21.952,3057.000
2017-12-04,20.837,22.314,20.837,22.314,5569.000
2017-12-05,19.830,21.014,19.538,20.791,7811.000
2017-12-06,19.999,20.130,19.376,19.684,7734.000
2017-12-07,19.838,20.068,19.792,19.999,4731.000
2017-12-08,20.330,20.391,19.838,19.984,9096.000
2017-12-11,20.991,21.375,20.222,20.391,9870.000
2017-12-12,20.022,20.699,19.999,20.530,7527.000
2017-12-13,20.422,20.507,19.799,19.799,5322.000
2017-12-14,20.399,20.530,20.168,20.391,4207.000
2017-12-15,20.307,20.607,19.991,20.384,5475.000
2017-12-18,20.168,20.591,19.984,20.453,4038.000
2017-12-19,20.537,20.699,20.107,20.276,5414.000
2017-12-20,20.753,22.298,20.699,21.199,11488.000
2017-12-21,20.699,20.953,20.161,20.576,7688.000
2017-12-22,20.230,20.676,20.230,20.584,5199.000
2017-12-25,19.768,20.430,19.538,20.245,5704.000
2017-12-26,20.607,20.960,19.768,19.768,9824.000
2017-12-27,20.599,21.053,20.222,20.599,6331.000
2017-12-28,20.791,21.083,20.307,20.530,7100.000
2017-12-29,20.853,21.037,20.683,20.745,5259.000
2018-01-02,20.860,21.045,20.760,20.760,3618.000
2018-01-03,21.260,21.375,20.514,20.860,8620.000
2018-01-04,21.037,21.445,20.999,21.199,7813.000
2018-01-05,20.899,21.183,20.891,20.953,3387.000
2018-01-08,20.876,21.060,20.653,20.960,3028.000
2018-01-09,20.853,20.991,20.776,20.983,3906.000
2018-01-10,20.268,20.899,19.984,20.707,7225.000
2018-01-11,21.045,21.145,20.307,20.422,9069.000
2018-01-12,20.783,21.429,20.683,21.429,5633.000
2018-01-15,20.068,20.914,19.991,20.560,5822.000
2018-01-16,20.407,20.514,19.853,20.261,3842.000
2018-01-17,20.830,20.960,20.191,20.422,5302.000
2018-01-18,20.760,20.883,20.607,20.660,3813.000
2018-01-19,21.014,21.222,20.676,20.899,8810.000
2018-01-22,21.014,21.145,20.237,20.906,5400.000
2018-01-23,20.883,21.137,20.653,21.014,5577.000
2018-01-24,21.222,21.268,20.537,20.883,9104.000
2018-01-25,20.899,21.483,20.876,21.222,8262.000
2018-01-26,20.499,20.991,20.499,20.883,5736.000
2018-01-29,20.138,20.730,19.991,20.584,5191.000
2018-01-30,20.107,20.337,20.038,20.199,2822.000
2018-01-31,19.015,20.184,18.615,20.068,5255.000
2018-02-01,18.223,19.338,18.085,19.338,4325.000
2018-02-02,17.877,18.361,16.954,18.300,4236.000
2018-02-05,17.354,17.839,17.270,17.646,2302.000
2018-02-06,15.616,17.216,15.616,17.154,6276.000
2018-02-07,15.824,16.132,14.724,15.993,6620.000
2018-02-08,16.032,16.285,15.532,15.532,4942.000
2018-02-09,16.093,16.293,15.570,15.616,6531.000
2018-02-12,16.701,17.254,16.032,16.232,5370.000
2018-02-13,16.478,16.916,16.424,16.670,4089.000
2018-02-14,16.408,16.739,16.170,16.355,2866.000
2018-02-22,16.601,16.824,16.478,16.747,3272.000
2018-02-23,16.685,16.716,16.370,16.447,3316.000
2018-02-26,17.316,17.400,16.808,16.962,5132.000
2018-02-27,17.723,18.069,17.316,17.316,8228.000
2018-02-28,17.608,18.069,17.323,17.662,5630.000
2018-03-01,18.192,18.384,17.339,17.600,6592.000
2018-03-02,17.885,18.446,17.823,18.146,5562.000
2018-03-05,18.284,18.284,17.869,17.869,4093.000
2018-03-06,18.577,18.746,18.169,18.169,8085.000
2018-03-07,18.615,18.761,18.308,18.577,3797.000
2018-03-08,19.069,19.199,18.454,18.454,6228.000
2018-03-09,20.168,20.207,19.146,19.146,10325.000
2018-03-12,20.222,20.568,19.861,20.545,9261.000
2018-03-13,19.845,20.261,19.692,20.184,5815.000
2018-03-14,19.453,19.984,19.392,19.638,4577.000
2018-03-15,18.746,19.361,17.685,19.238,9333.000
2018-03-16,18.607,19.069,18.461,18.761,5441.000
2018-03-19,19.084,19.292,18.185,18.446,6698.000
2018-03-20,19.284,19.284,18.853,18.969,5466.000
2018-03-21,19.299,20.191,19.107,19.253,10546.000
2018-03-22,20.191,20.607,19.292,19.323,14611.000
2018-03-23,18.377,19.930,18.200,19.545,13189.000
2018-03-26,19.499,19.499,17.377,18.031,8247.000
2018-03-27,20.730,21.337,19.515,19.915,19251.000
2018-03-28,21.452,21.668,20.384,20.384,22640.000
2018-03-29,20.983,23.052,20.760,21.668,21812.000
2018-03-30,21.652,22.067,20.983,21.491,15597.000
2018-04-02,22.337,23.036,21.452,21.837,24657.000
2018-04-03,22.206,22.898,21.437,21.729,18907.000
2018-04-04,21.437,22.183,21.383,21.921,15619.000
2018-04-09,21.929,22.206,21.152,21.306,14139.000
2018-04-10,23.190,24.120,21.406,21.737,33709.000
2018-04-11,23.367,23.990,22.767,22.921,27096.000
2018-04-12,25.704,25.704,24.605,24.605,21255.000
2018-04-13,28.273,28.273,27.596,28.196,59103.000
2018-04-16,29.218,31.102,28.211,29.910,118757.000
2018-04-17,26.296,28.219,26.296,27.065,53035.000
2018-04-18,24.320,25.105,23.667,23.997,93148.000
2018-04-19,23.859,25.212,23.405,24.067,70534.000
2018-04-20,22.183,23.644,21.975,23.067,47994.000
2018-04-23,21.721,22.675,21.068,22.029,40861.000
2018-04-24,22.929,23.036,21.537,21.683,48108.000
2018-04-25,23.344,23.728,22.537,22.613,51966.000
2018-04-26,22.175,23.244,21.991,23.067,33885.000
2018-04-27,21.991,22.675,21.683,22.206,23338.000
2018-05-02,20.568,22.221,19.845,22.221,34763.000
2018-05-03,21.506,21.675,20.268,20.376,31534.000
2018-05-04,20.722,21.837,20.607,21.837,25844.000
2018-05-07,21.645,21.745,20.922,20.945,24573.000
2018-05-08,21.791,22.021,21.406,21.860,22598.000
2018-05-09,22.144,22.513,21.614,21.729,32007.000
2018-05-10,22.075,22.390,21.691,22.229,19897.000
2018-05-11,20.737,21.683,20.660,21.683,29806.000
2018-05-14,20.607,20.960,20.453,20.453,13574.000
2018-05-15,21.145,21.183,20.545,20.591,12275.000
2018-05-16,20.814,21.399,20.783,21.145,13992.000
2018-05-17,21.545,21.675,20.845,20.914,21705.000
2018-05-18,21.368,21.575,20.953,21.575,16488.000
2018-05-21,21.960,22.106,21.360,21.399,23536.000
2018-05-22,22.936,23.067,21.837,21.906,39563.000
2018-05-23,22.267,22.783,22.237,22.683,28062.000
2018-05-24,22.606,22.944,22.175,22.298,24011.000
2018-05-25,21.952,22.598,21.806,22.552,21367.000
2018-05-28,22.191,22.583,21.898,22.014,21328.000
2018-05-29,21.445,22.183,21.145,21.698,18106.000
2018-05-30,19.299,21.145,19.299,20.760,22070.000
2018-05-31,19.430,19.722,19.107,19.669,11095.000
2018-06-01,18.730,19.676,18.584,19.430,13319.000
2018-06-04,18.823,18.977,18.692,18.838,6682.000
2018-06-05,19.822,19.945,18.877,18.900,11856.000
2018-06-06,20.253,20.353,19.684,19.838,11653.000
2018-06-07,19.776,20.353,19.453,20.253,10245.000
2018-06-08,20.114,20.222,19.538,19.768,10083.000
2018-06-11,19.945,20.199,19.684,19.961,8791.000
2018-06-12,19.999,20.107,19.384,19.838,10545.000
2018-06-13,19.722,20.337,19.684,20.068,12827.000
2018-06-14,19.730,20.053,19.453,19.599,8391.000
2018-06-15,18.500,19.815,18.454,19.722,12159.000
2018-06-19,16.739,18.477,16.647,18.461,11809.000
2018-06-20,17.223,17.523,16.739,16.739,8150.000
2018-06-21,16.301,17.446,16.185,17.300,10924.000
2018-06-22,16.754,16.977,15.839,16.324,7897.000
2018-06-25,16.762,17.300,16.608,17.223,7273.000
2018-06-26,17.546,17.577,16.331,16.331,10119.000
2018-06-27,17.831,17.831,17.300,17.539,8704.000
2018-06-28,17.746,18.254,17.539,17.685,10729.000
2018-06-29,18.569,18.569,17.592,17.592,12850.000
2018-07-02,18.008,18.661,17.623,18.646,10360.000
2018-07-03,18.738,18.915,18.000,18.008,10149.000
2018-07-04,17.977,18.715,17.769,18.715,10718.000
2018-07-05,17.769,18.431,17.623,17.685,9666.000
2018-07-06,17.850,18.480,17.280,17.890,11692.000
2018-07-09,18.400,18.470,17.890,18.170,11574.000
2018-07-10,19.140,19.300,18.260,18.490,19529.000
2018-07-11,19.080,19.510,18.380,19.510,30895.730
2018-07-12,19.370,19.630,18.810,19.050,30189.450
2018-07-13,18.620,19.200,18.450,19.070,22319.320
2018-07-16,18.550,18.800,18.260,18.620,10142.840
2018-07-17,18.690,18.800,18.280,18.650,10460.230
2018-07-18,18.360,18.770,18.330,18.750,10493.000
2018-07-19,18.180,18.490,17.880,18.290,9573.000
2018-07-20,18.230,18.320,17.980,18.020,7759.200
2018-07-23,18.390,18.410,18.080,18.250,8244.650
2018-07-24,18.580,18.620,18.200,18.350,10215.830
2018-07-25,18.480,18.740,18.320,18.520,9302.250
2018-07-26,17.730,18.470,17.720,18.310,11307.060
2018-07-27,17.530,18.200,17.300,17.730,6952.840
2018-07-30,16.880,17.520,16.810,17.490,7597.480
2018-07-31,16.940,17.270,16.710,16.760,4620.150
2018-08-01,16.600,17.200,16.550,17.080,6625.830
2018-08-02,15.910,16.600,15.280,16.450,9582.890
2018-08-03,15.510,15.970,15.510,15.960,3864.610
2018-08-06,15.350,15.650,14.900,15.500,4880.680
2018-08-07,15.720,15.780,15.300,15.500,7123.460
2018-08-08,15.010,15.890,14.920,15.800,6034.460
2018-08-09,15.680,15.850,14.880,15.170,10358.840
2018-08-10,15.880,15.900,15.600,15.830,6997.820
2018-08-13,16.400,16.450,15.520,15.600,10639.050
2018-08-14,16.520,17.000,16.240,17.000,12100.000
2018-08-15,15.990,16.790,15.650,16.790,11368.130
2018-08-16,15.880,16.200,15.490,15.980,7245.050
2018-08-17,15.530,16.180,15.420,15.950,5813.350
2018-08-20,15.960,15.960,15.210,15.530,7276.040
2018-08-21,16.250,16.430,15.670,15.980,11101.850
2018-08-22,15.800,16.300,15.740,16.200,7459.390
2018-08-23,16.200,16.430,15.700,15.800,9137.790
2018-08-24,16.580,16.890,16.060,16.330,17064.770
2018-08-27,16.740,16.860,16.200,16.330,13457.460
2018-08-28,16.990,17.580,16.370,16.770,19530.000
2018-08-29,16.700,17.180,16.610,16.840,11240.000
2018-08-30,16.170,16.830,16.060,16.700,8965.900
2018-08-31,16.100,16.470,16.100,16.150,6561.520
2018-09-03,16.280,16.420,15.680,16.100,7020.000
2018-09-04,16.600,16.750,16.140,16.240,12140.000
2018-09-05,16.240,16.600,16.160,16.600,9872.000
2018-09-06,16.510,16.780,15.850,16.100,15523.000
2018-09-07,16.800,17.260,16.200,16.450,20802.000
2018-09-10,16.390,16.700,15.830,16.610,13680.000
2018-09-11,16.770,16.800,16.170,16.190,20944.470
2018-09-12,16.800,16.990,16.410,16.630,17135.710
2018-09-13,16.890,17.180,16.490,17.010,15810.350
2018-09-14,16.230,16.830,16.180,16.750,13343.720
2018-09-17,15.500,16.230,15.240,16.230,10892.290
2018-09-18,15.740,15.800,15.390,15.530,8541.000
2018-09-19,15.820,16.100,15.520,15.690,9617.920
2018-09-20,15.570,15.900,15.460,15.820,7290.420
2018-09-21,15.700,15.770,15.420,15.590,6827.810
2018-09-25,15.670,15.740,15.440,15.680,4700.810
2018-09-26,15.880,15.880,15.590,15.610,6872.790
2018-09-27,16.110,16.400,15.550,15.780,17232.900
2018-09-28,16.560,16.580,15.880,15.930,19485.180
2018-10-08,16.180,16.420,15.880,16.220,9682.100
2018-10-09,16.240,16.770,16.100,16.170,14104.000
2018-10-10,16.480,16.590,15.630,16.110,15609.000
2018-10-11,15.970,16.400,15.050,15.700,19413.000
2018-10-12,16.780,17.170,15.720,15.930,39487.000
2018-10-15,16.920,17.080,16.480,16.780,34509.160
2018-10-16,17.140,17.300,16.600,16.630,29120.000
2018-10-17,16.660,17.640,15.800,17.500,28925.000
2018-10-18,15.040,16.120,14.990,16.120,21003.570
2018-10-19,15.300,15.470,14.320,14.780,15025.000
2018-10-22,15.900,16.150,15.140,15.700,15335.000
2018-10-23,15.700,16.100,15.570,15.820,9958.000
2018-10-24,15.660,15.920,15.600,15.700,7891.370
2018-10-25,15.220,15.300,14.560,15.100,8787.370
2018-10-26,15.210,15.580,15.020,15.300,6912.660
2018-10-29,15.250,15.330,14.810,15.330,6370.360
2018-10-30,15.330,15.580,15.060,15.250,5956.000
2018-10-31,15.570,15.670,15.330,15.330,6773.000
2018-11-01,15.700,17.130,15.610,16.860,15453.000
2018-11-02,16.320,16.440,15.870,15.870,15322.000
2018-11-05,16.320,16.630,16.100,16.220,12576.000
2018-11-06,15.960,16.290,15.620,16.290,11380.000
2018-11-07,16.040,16.220,15.830,15.990,9441.000
2018-11-08,15.890,16.270,15.840,16.210,6610.000
2018-11-09,15.920,16.080,15.720,15.770,5300.000
2018-11-12,16.350,16.420,15.860,15.920,10564.300
2018-11-13,16.440,16.610,16.100,16.150,12933.240
2018-11-14,16.360,16.610,16.300,16.500,9024.310
2018-11-15,17.010,17.100,16.380,16.380,15884.000
2018-11-16,17.000,17.200,16.820,17.010,14328.000
2018-11-19,16.990,17.300,16.730,17.100,9187.000
2018-11-20,16.520,17.170,16.450,16.810,9694.330
2018-11-21,16.520,16.600,16.200,16.350,7313.850
2018-11-22,16.520,16.750,16.440,16.580,6372.810
2018-11-23,15.300,16.490,15.300,16.490,12782.000
2018-11-26,15.310,15.500,15.080,15.200,7837.000
2018-11-27,15.450,15.670,15.260,15.500,6284.010
2018-11-28,15.760,15.770,15.180,15.450,8455.300
2018-11-29,15.200,15.900,15.200,15.770,7356.070
2018-11-30,15.660,15.660,14.970,15.570,7470.940
2018-12-03,16.300,16.350,15.800,15.970,11052.250
2018-12-04,16.730,16.880,16.170,16.280,19566.350
2018-12-05,16.570,17.090,16.280,16.580,22816.850
2018-12-06,16.680,16.950,16.390,16.600,21914.010
2018-12-07,16.700,17.000,16.490,16.700,19123.000
2018-12-10,16.420,16.700,16.050,16.700,10385.000
2018-12-11,16.170,16.420,15.600,15.960,21094.000
2018-12-12,16.030,16.330,15.810,16.150,15737.220
2018-12-13,15.810,16.300,15.810,16.030,16538.490
2018-12-14,15.300,15.970,15.290,15.850,15113.930
2018-12-17,15.190,15.260,14.930,15.170,10934.000
2018-12-18,14.970,15.170,14.770,15.120,9214.000
2018-12-19,14.860,15.130,14.810,15.090,5172.000
2018-12-20,15.120,15.140,14.820,14.820,7942.000
2018-12-21,15.130,15.230,14.990,15.020,6865.000
2018-12-24,15.350,15.370,15.010,15.010,8158.000
2018-12-25,15.330,15.340,14.770,15.130,10240.000
2018-12-26,15.400,15.590,15.230,15.350,7978.000
2018-12-27,15.000,15.690,14.980,15.680,7477.000
2018-12-28,15.000,15.170,14.940,15.160,4305.000
2019-01-02,15.050,15.180,14.920,15.000,4154.640
2019-01-03,14.870,15.180,14.830,15.000,4544.260
2019-01-04,15.340,15.360,14.640,14.870,7709.150
2019-01-07,15.560,15.750,15.300,15.400,11788.620
2019-01-08,15.400,15.690,15.390,15.690,7805.140
2019-01-09,15.330,15.680,15.310,15.400,8432.630
2019-01-10,15.350,15.460,15.280,15.290,6307.590
2019-01-11,15.400,15.470,15.250,15.430,4368.130
2019-01-14,15.080,15.410,15.060,15.330,5440.930
2019-01-15,15.600,15.770,15.150,15.220,16971.220
2019-01-16,15.810,15.980,15.400,15.480,19077.300
2019-01-17,15.300,15.750,15.280,15.700,12300.340
2019-01-18,15.300,15.470,15.050,15.460,7488.000
2019-01-21,15.400,15.490,15.250,15.250,6286.000
2019-01-22,15.350,15.410,15.190,15.350,5647.000
2019-01-23,15.200,15.350,14.990,15.250,6820.730
2019-01-24,15.380,15.440,15.070,15.140,7915.060
2019-01-25,15.230,15.400,15.200,15.320,5460.130
2019-01-28,15.100,15.420,15.030,15.420,4027.000
2019-01-29,14.800,15.170,14.540,15.100,8942.000
2019-01-30,14.500,14.750,14.400,14.700,4227.000
2019-01-31,14.200,14.580,13.960,14.440,6490.000
2019-02-01,14.690,14.770,14.200,14.210,5685.000
2019-02-11,15.000,15.040,14.510,14.690,6339.000
2019-02-12,15.070,15.160,14.960,14.960,5512.000
2019-02-13,15.420,15.470,15.060,15.150,10997.020
2019-02-14,15.410,15.450,15.100,15.360,10229.350
2019-02-15,15.390,15.560,15.320,15.320,9505.430
2019-02-18,15.880,15.930,15.460,15.460,13952.000
2019-02-19,16.050,16.450,15.790,15.880,19910.000
2019-02-20,16.010,16.020,15.740,15.980,10057.000
2019-02-21,15.790,16.340,15.770,16.050,16457.000
2019-02-22,16.350,16.370,15.800,15.980,20459.000
2019-02-25,17.350,17.350,16.400,16.420,26238.000
2019-02-26,16.900,17.380,16.810,17.180,22083.630
2019-02-27,16.510,16.950,16.220,16.800,19219.000
2019-02-28,17.020,17.220,16.690,16.700,28238.000
2019-03-01,16.750,16.990,16.480,16.960,15268.550
2019-03-04,17.090,17.460,16.800,16.800,26162.180
2019-03-05,17.770,17.770,17.020,17.090,26109.090
2019-03-06,18.360,18.390,17.610,17.780,29723.110
2019-03-07,18.570,18.990,17.890,18.270,32880.990
2019-03-08,18.520,19.260,17.870,17.870,40637.210
2019-03-11,19.200,19.200,18.000,18.600,38813.750
2019-03-12,19.290,19.940,18.820,19.390,39958.660
2019-03-13,18.390,19.290,18.200,19.290,32761.120
2019-03-14,17.620,18.450,17.370,18.300,25570.510
2019-03-15,17.530,17.970,17.300,17.870,21680.770
2019-03-18,18.020,18.030,17.370,17.590,17844.000
2019-03-19,18.100,18.580,17.900,18.030,17348.000
2019-03-20,18.270,18.270,17.700,18.180,16541.000
2019-03-21,18.510,18.590,17.930,18.260,19567.940
2019-03-22,18.370,18.600,18.010,18.490,15719.190
2019-03-25,18.250,18.550,17.810,18.000,16044.560
2019-03-26,18.040,19.100,17.960,18.480,32132.210
2019-03-27,18.250,18.280,17.500,18.040,18244.490
2019-03-28,18.570,18.720,17.910,18.080,21965.000
2019-03-29,19.210,19.210,18.000,18.360,34231.000
2019-04-01,19.780,20.150,19.410,19.530,42329.370
2019-04-02,20.770,21.380,19.500,19.650,75879.170
2019-04-03,20.860,21.900,20.420,20.700,49179.510
2019-04-04,21.360,21.450,20.850,21.420,39310.000
2019-04-08,20.140,21.580,20.010,21.570,46209.000
2019-04-09,20.270,21.120,20.100,20.300,27835.000
2019-04-10,20.230,20.840,19.830,19.990,37876.000
2019-04-11,19.790,20.260,19.580,20.200,23890.000
2019-04-12,20.410,20.570,19.780,20.180,26698.350
2019-04-15,19.650,20.820,19.650,20.610,28947.180
2019-04-16,20.020,20.130,19.340,19.410,21994.000
2019-04-17,20.030,20.570,20.020,20.200,20230.000
2019-04-18,20.000,20.380,19.900,20.130,16869.000
2019-04-19,20.900,20.920,19.860,20.120,31206.000
2019-04-22,20.200,21.300,20.070,21.260,31857.000
2019-04-23,19.010,19.930,18.850,19.600,31962.000
2019-04-24,19.120,19.230,18.250,19.010,24051.130
2019-04-25,18.930,19.850,18.450,19.330,34606.000
2019-04-26,19.990,20.280,18.960,19.260,42402.000
2019-04-29,18.850,19.920,18.540,19.780,27546.000
2019-04-30,18.850,19.250,18.510,18.730,15460.000
2019-05-06,16.970,18.100,16.970,18.000,22023.000
2019-05-07,16.810,17.250,16.550,16.900,23131.000
2019-05-08,16.930,17.380,16.340,16.340,14358.000
2019-05-09,17.080,17.430,16.790,16.790,13224.000
2019-05-10,17.980,18.000,16.990,17.390,24240.000
2019-05-13,17.820,18.210,17.620,18.000,18775.000
2019-05-14,17.870,18.210,17.410,17.520,14596.000
2019-05-15,18.050,18.140,17.870,18.120,11665.000
2019-05-16,18.040,18.190,17.870,18.050,9159.950
2019-05-17,17.420,18.300,17.360,18.290,13460.880
2019-05-20,17.580,17.800,17.000,17.430,10409.400
2019-05-21,17.880,17.890,17.410,17.500,8854.280
2019-05-22,17.920,18.170,17.700,18.030,9877.030
2019-05-23,17.650,18.150,17.610,18.060,10579.610
2019-05-24,17.380,17.800,17.190,17.540,6907.560
2019-05-27,18.150,18.160,17.390,17.510,14199.770
2019-05-28,18.210,18.430,18.010,18.010,12074.420
2019-05-29,18.220,18.350,18.050,18.200,9739.000
2019-05-30,17.980,18.180,17.600,18.120,12955.000
2019-05-31,18.120,18.230,17.760,18.150,11443.000
2019-06-03,18.240,19.910,17.590,18.180,23302.000
2019-06-04,17.750,18.330,17.640,18.220,15750.000
2019-06-05,18.100,18.400,17.810,17.880,19152.000
2019-06-06,17.280,18.100,17.260,18.080,15384.040
2019-06-10,17.490,17.650,17.250,17.420,9528.490
2019-06-11,18.260,18.290,17.410,17.610,20921.000
2019-06-12,18.960,19.470,18.260,18.410,42592.000
2019-06-13,20.860,20.860,18.750,18.750,35227.500
2019-06-14,22.950,22.950,22.000,22.350,59266.290
2019-06-17,25.250,25.250,23.990,25.250,235190.660
2019-06-18,22.730,25.250,22.730,25.240,206866.440
2019-06-19,21.960,23.510,21.900,22.810,192906.510
2019-06-20,21.140,21.520,20.850,21.100,135225.670
2019-06-21,21.700,22.150,21.140,21.410,120978.000
2019-06-24,21.230,21.820,20.740,21.800,95716.000
2019-06-25,20.940,21.560,20.900,21.200,73718.000
2019-06-26,20.900,21.260,20.500,20.800,52937.000
2019-06-27,20.850,21.190,20.640,20.950,45513.000
2019-06-28,19.970,21.080,19.640,21.000,54835.000
2019-07-01,20.850,20.940,20.120,20.370,66433.000
2019-07-02,21.540,21.750,20.730,20.870,87870.000
2019-07-03,20.540,21.360,20.330,21.330,52452.000
2019-07-04,13.700,14.090,13.300,13.760,64879.000
2019-07-05,13.770,14.250,13.600,13.990,70737.000
2019-07-08,12.390,13.470,12.390,13.270,62060.450
2019-07-09,12.430,12.550,12.060,12.300,75765.180
2019-07-10,12.110,12.540,11.940,12.400,60425.890
2019-07-11,12.320,12.760,12.210,12.340,66918.430
2019-07-12,12.590,12.970,12.420,12.480,61774.730
2019-07-15,12.280,12.490,11.340,12.020,78871.000
2019-07-16,12.420,12.870,12.290,12.450,64501.000
2019-07-17,12.150,12.480,12.110,12.220,44596.000
2019-07-18,11.960,12.480,11.900,12.190,55244.000
2019-07-19,12.060,12.390,12.000,12.010,43958.000
2019-07-22,11.590,12.190,11.450,12.130,43211.000
2019-07-23,11.920,12.060,11.710,11.740,37894.000
2019-07-24,12.150,12.280,11.950,12.100,33869.000
2019-07-25,12.130,12.230,11.950,12.190,34828.000
2019-07-26,12.210,12.350,11.970,12.100,42353.000
2019-07-29,12.040,12.210,11.900,12.190,38292.000
2019-07-30,12.130,12.320,12.000,12.000,37090.000
2019-07-31,12.020,12.310,11.960,12.000,37398.000
2019-08-01,13.220,13.220,12.100,12.170,50740.000
2019-08-02,13.500,13.600,12.780,13.330,179767.510
2019-08-05,12.960,13.340,12.900,13.030,123045.390
2019-08-06,12.820,12.830,12.000,12.550,93587.530
2019-08-07,12.680,13.050,12.610,12.780,81975.450
2019-08-08,12.450,12.800,12.300,12.710,55332.740
2019-08-09,11.960,12.600,11.900,12.500,59439.150
2019-08-12,12.320,12.340,11.900,11.960,39638.720
2019-08-13,12.110,12.240,12.060,12.150,31520.760
2019-08-14,12.240,12.450,12.210,12.300,48698.200
2019-08-15,12.180,12.240,11.550,11.750,48021.530
2019-08-16,12.210,12.370,12.180,12.290,47897.910
2019-08-19,12.630,12.700,12.260,12.370,58088.000
2019-08-20,12.790,12.970,12.550,12.600,65398.000
2019-08-21,12.710,12.950,12.650,12.700,46151.000
2019-08-22,12.820,12.890,12.600,12.810,41206.000
2019-08-23,13.030,13.320,12.900,12.960,85700.000
2019-08-26,12.750,12.890,12.550,12.590,45777.000
2019-08-27,13.100,13.150,12.800,12.880,62854.000
2019-08-28,13.360,13.540,12.970,13.010,76170.000
2019-08-29,13.650,14.150,13.220,13.380,105345.000
2019-08-30,13.190,13.840,13.030,13.720,82381.000
2019-09-02,13.570,13.630,13.080,13.210,63977.000
2019-09-03,13.500,13.790,13.410,13.670,71704.000
2019-09-04,13.600,13.720,13.350,13.450,56066.000
2019-09-05,13.810,14.130,13.500,13.740,93308.000
2019-09-06,13.710,13.920,13.430,13.800,67022.000
2019-09-09,14.220,14.250,13.700,13.820,83407.000
2019-09-10,13.980,14.250,13.750,14.250,63923.000
2019-09-11,13.690,14.110,13.670,14.100,47720.000
2019-09-12,13.810,13.850,13.560,13.780,43764.000
2019-09-16,14.190,14.410,13.760,13.880,96088.000
2019-09-17,13.700,14.130,13.500,14.050,69770.000
2019-09-18,13.590,13.720,13.500,13.700,41405.000
2019-09-19,13.890,13.890,13.500,13.570,43801.000
2019-09-20,13.740,14.040,13.650,13.910,45198.000
2019-09-23,14.030,14.100,13.310,13.640,81998.000
2019-09-24,13.850,14.090,13.770,14.030,64083.000
2019-09-25,13.410,14.240,13.400,13.780,77114.000
2019-09-26,12.680,13.590,12.680,13.410,58903.000
2019-09-27,12.790,12.990,12.690,12.690,34309.000
2019-09-30,12.410,12.880,12.370,12.780,31706.000
2019-10-08,12.600,12.850,12.470,12.470,28049.000
2019-10-09,12.720,12.720,12.320,12.610,31507.000
2019-10-10,13.010,13.040,12.620,12.760,41478.000
2019-10-11,13.100,13.340,12.800,13.010,40356.000
2019-10-14,13.300,13.410,13.210,13.300,33232.000
2019-10-15,13.400,13.480,13.070,13.090,38494.000
2019-10-16,13.180,13.490,13.100,13.450,37940.000
2019-10-17,14.500,14.500,13.200,13.280,88525.000
2019-10-18,13.880,14.660,13.790,14.580,179609.000
2019-10-21,13.160,13.580,12.820,13.490,96143.000
2019-10-22,13.270,13.360,13.000,13.110,60980.510
2019-10-23,12.830,13.290,12.700,13.250,64698.380
2019-10-24,12.990,13.090,12.750,12.770,38598.690
2019-10-25,13.350,13.370,12.820,12.860,56042.250
2019-10-28,13.970,14.080,13.400,13.760,102526.550
2019-10-29,13.780,14.530,13.710,14.000,121895.000
2019-10-30,13.750,14.140,13.550,13.980,72034.000
2019-10-31,13.210,13.880,13.120,13.670,68988.120
2019-11-01,13.890,14.390,13.200,13.350,77625.000
2019-11-04,14.450,14.780,13.890,13.980,113553.200
2019-11-05,14.210,14.420,13.930,14.280,85870.730
2019-11-06,14.050,14.660,13.880,14.440,77672.290
2019-11-07,14.920,15.290,13.710,14.010,153646.670
2019-11-08,14.190,14.840,14.130,14.760,123300.000
2019-11-11,13.770,14.020,13.530,14.010,71592.000
2019-11-12,13.570,13.830,13.200,13.680,60208.000
2019-11-13,13.230,13.550,13.130,13.500,47890.000
2019-11-14,13.390,13.490,13.180,13.220,38992.000
2019-11-15,12.770,13.370,12.720,13.280,54834.000
2019-11-18,12.900,12.960,12.610,12.820,27596.000
2019-11-19,13.210,13.270,12.820,12.840,34251.000
2019-11-20,13.080,13.350,13.040,13.180,29708.000
2019-11-21,13.090,13.140,12.810,13.000,22525.000
2019-11-22,12.510,13.290,12.450,13.270,50757.000
2019-11-25,12.340,12.630,12.280,12.520,26655.000
2019-11-26,12.170,12.450,12.150,12.340,20900.000
2019-11-27,12.030,12.260,11.880,12.110,26659.000
2019-11-28,12.050,12.150,11.950,12.040,16595.350
2019-11-29,12.210,12.250,12.020,12.060,19685.000
2019-12-02,12.030,12.300,11.950,12.210,20755.000
2019-12-03,12.050,12.060,11.670,11.880,26229.000
2019-12-04,11.940,12.000,11.870,11.930,13852.000
2019-12-05,12.190,12.250,11.940,11.940,26512.000
2019-12-06,12.340,12.370,12.200,12.290,25918.000
2019-12-09,12.450,12.490,12.310,12.380,28297.000
2019-12-10,12.570,12.610,12.020,12.370,32945.000
2019-12-11,12.390,12.550,12.320,12.550,22366.000
2019-12-12,12.250,12.430,12.220,12.420,26058.000
2019-12-13,12.530,12.550,12.330,12.390,34903.000
2019-12-16,12.820,12.830,12.470,12.530,38772.000
2019-12-17,12.890,12.970,12.730,12.970,39523.000
2019-12-18,13.060,13.230,12.840,12.900,46927.000
2019-12-19,13.180,13.240,12.940,13.070,36521.000
2019-12-20,12.860,13.240,12.830,13.160,31009.620
2019-12-23,12.440,12.860,12.430,12.860,31280.170
2019-12-24,12.670,12.750,12.480,12.580,25230.000
2019-12-25,12.830,12.930,12.550,12.550,28624.000
2019-12-26,12.870,12.930,12.660,12.780,26444.000
2019-12-27,12.930,13.310,12.860,12.890,45475.000
2019-12-30,12.900,12.910,12.310,12.800,39576.890
2019-12-31,12.760,13.080,12.680,12.800,25393.780
2020-01-02,13.220,13.280,12.820,12.850,49884.780
2020-01-03,13.360,13.400,13.170,13.170,47467.000
2020-01-06,13.340,13.460,13.180,13.320,37345.000
2020-01-07,13.620,13.650,13.350,13.580,43755.000
2020-01-08,13.280,13.560,13.180,13.450,39135.000
2020-01-09,13.730,13.880,13.310,13.320,66038.000
2020-01-10,13.540,13.880,13.370,13.740,40575.000
2020-01-13,13.970,14.130,13.400,13.520,61284.000
2020-01-14,13.920,14.030,13.750,14.000,44027.000
2020-01-15,13.870,13.980,13.640,13.770,37462.000
2020-01-16,13.630,13.910,13.560,13.860,36780.500
2020-01-17,13.810,14.080,13.610,13.610,51817.000
2020-01-20,13.850,13.910,13.470,13.690,38875.000
2020-01-21,13.430,13.930,13.430,13.860,42638.000
2020-01-22,13.520,13.610,12.770,13.440,43161.000
2020-01-23,13.150,13.960,13.020,13.460,59634.000
2020-02-03,11.840,11.900,11.840,11.840,19738.000
2020-02-04,12.090,12.450,11.090,11.260,67252.000
2020-02-05,13.300,13.300,12.210,12.280,62283.000
2020-02-06,14.120,14.310,13.580,13.640,171772.000
2020-02-07,14.980,15.130,13.920,14.080,181091.000
2020-02-10,14.390,14.860,14.150,14.510,121536.000
2020-02-11,14.480,14.750,13.930,14.410,84327.000
2020-02-12,14.680,14.760,14.230,14.460,102610.000
2020-02-13,14.160,14.620,14.010,14.510,74103.000
2020-02-14,14.360,14.530,14.000,14.140,65376.000
2020-02-17,15.140,15.380,14.450,14.490,103143.000
2020-02-18,15.620,15.660,14.900,15.000,106994.000
2020-02-19,14.900,15.460,14.610,15.340,105574.000
2020-02-20,15.170,15.200,14.440,14.800,76149.000
2020-02-21,15.780,16.580,15.110,15.170,136055.000
2020-02-24,16.430,16.430,15.460,15.700,137701.000
2020-02-25,15.950,16.180,14.790,15.860,125126.000
2020-02-26,15.050,15.950,14.890,15.580,83667.000
2020-02-27,15.390,15.590,14.650,15.070,68645.000
2020-02-28,14.260,15.150,14.200,14.740,64670.000
2020-03-02,14.840,14.950,14.280,14.660,57387.000
2020-03-03,15.270,15.550,14.850,14.850,85968.000
2020-03-04,15.550,15.880,15.020,15.340,74681.000
2020-03-05,15.320,16.060,15.060,15.950,64922.000
2020-03-06,14.910,15.340,14.790,14.950,42998.000
2020-03-09,14.040,14.640,14.010,14.570,48604.290
2020-03-10,14.710,14.750,13.800,13.890,48006.310
2020-03-11,14.430,15.080,14.380,14.710,42779.920
2020-03-12,14.370,14.500,14.070,14.180,29967.480
2020-03-13,14.410,14.550,13.380,13.600,48607.530
2020-03-16,13.460,14.670,13.350,14.620,43820.970
2020-03-17,13.650,13.870,13.050,13.710,35456.870
2020-03-18,13.420,13.990,13.310,13.780,35693.950
2020-03-19,13.820,13.900,13.370,13.370,33219.760
2020-03-20,13.880,14.090,13.610,14.000,25245.390
2020-03-23,13.860,14.340,13.570,13.570,48020.830
2020-03-24,14.330,14.540,13.680,14.050,43700.750
2020-03-25,14.390,14.700,14.180,14.700,38346.390
2020-03-26,14.050,14.360,14.020,14.250,28083.910
2020-03-27,14.090,14.250,13.940,14.180,24995.000
