date,close,high,low,open,volume
2017-09-07,5.12,5.18,5.07,5.07,6541947.0
1993-07-12,3.35,3.517,3.048,3.048,151463.0
1993-07-13,3.4330000000000003,3.5439999999999996,3.346,3.353,60555.0
1993-07-14,3.182,3.5239999999999996,3.1519999999999997,3.5239999999999996,29604.0
1993-07-15,3.155,3.262,3.0210000000000004,3.182,16875.0
1993-07-16,3.182,3.2960000000000003,3.1489999999999996,3.165,12640.0
1993-07-19,3.1489999999999996,3.259,3.115,3.216,7555.0
1993-07-20,3.005,3.165,2.948,3.165,12656.0
1993-07-21,3.011,3.108,3.011,3.015,7463.0
1993-07-22,3.045,3.108,2.964,3.015,3588.0
1993-07-23,3.028,3.065,3.015,3.065,4042.0
1993-07-26,2.9539999999999997,3.0410000000000004,2.85,3.011,4946.0
1993-07-27,2.988,3.048,2.8739999999999997,2.9139999999999997,4883.0
1993-07-28,2.988,3.175,2.964,3.0010000000000003,8971.0
1993-07-29,3.015,3.065,2.9810000000000003,3.0210000000000004,3973.0
1993-07-30,3.2319999999999998,3.447,3.048,3.082,23948.0
1993-08-02,3.065,3.417,2.8810000000000002,3.283,19649.0
1993-08-03,2.991,3.1180000000000003,2.9810000000000003,3.082,6318.0
1993-08-04,3.031,3.115,2.948,2.948,4225.0
1993-08-05,3.008,3.112,2.984,3.065,6887.0
1993-08-06,3.031,3.055,3.008,3.048,4508.0
1993-08-09,3.145,3.165,3.031,3.031,7369.0
1993-08-10,3.028,3.3160000000000003,2.964,3.182,20166.0
1993-08-11,3.128,3.128,3.0210000000000004,3.0210000000000004,3446.0
1993-08-12,3.2260000000000004,3.2489999999999997,3.1489999999999996,3.182,13503.0
1993-08-13,3.2489999999999997,3.286,3.115,3.283,16395.0
1993-08-16,3.4130000000000003,3.42,3.2489999999999997,3.3160000000000003,27418.0
1993-08-17,3.199,3.5,3.055,3.48,23963.0
1993-08-18,3.0980000000000003,3.2460000000000004,3.085,3.182,5749.0
1993-08-19,3.115,3.165,3.085,3.0980000000000003,6122.0
1993-08-20,3.065,3.159,3.035,3.1319999999999997,5379.0
1993-08-23,2.948,3.0610000000000004,2.911,3.048,4759.0
1993-08-24,2.9539999999999997,2.964,2.897,2.948,2718.0
1993-08-25,2.9810000000000003,3.015,2.968,2.968,2229.0
1993-08-26,2.958,2.9810000000000003,2.948,2.9810000000000003,1263.0
1993-08-27,2.938,2.964,2.891,2.964,1587.0
1993-08-30,2.948,3.0010000000000003,2.887,2.931,1516.0
1993-08-31,2.917,2.9810000000000003,2.9139999999999997,2.931,771.0
1993-09-01,2.904,2.931,2.897,2.924,975.0
1993-09-02,2.897,2.9139999999999997,2.884,2.9010000000000002,1156.0
1993-09-03,2.964,2.998,2.911,2.9139999999999997,1726.0
1993-09-06,3.045,3.0580000000000003,2.988,3.015,5049.0
1993-09-07,2.9410000000000003,3.048,2.8539999999999996,3.045,2122.0
1993-09-08,2.904,2.9539999999999997,2.884,2.9139999999999997,1410.0
1993-09-09,2.8810000000000002,2.924,2.877,2.907,1989.0
1993-09-10,2.887,2.911,2.877,2.877,978.0
1993-09-13,2.7969999999999997,2.887,2.78,2.887,1924.0
1993-09-14,2.78,2.7969999999999997,2.763,2.787,1325.0
1993-09-15,2.783,2.81,2.763,2.7769999999999997,998.0
1993-09-16,2.767,2.7939999999999996,2.747,2.79,640.0
1993-09-17,2.767,2.83,2.747,2.78,963.0
1993-09-20,2.864,2.891,2.763,2.767,2006.0
1993-09-21,2.9810000000000003,3.008,2.884,2.884,4106.0
1993-09-22,2.948,2.978,2.897,2.978,2491.0
1993-09-23,2.948,2.964,2.931,2.944,2280.0
1993-09-24,2.907,3.242,2.8139999999999996,2.8139999999999996,5346.0
1993-09-27,2.988,3.011,2.9139999999999997,2.9139999999999997,2893.0
1993-09-28,3.0580000000000003,3.075,2.991,3.008,6087.0
1993-09-29,3.115,3.145,3.0180000000000002,3.082,11113.0
1993-09-30,3.319,3.4330000000000003,3.1489999999999996,3.1489999999999996,69697.0
1993-10-04,3.2560000000000002,3.45,3.2089999999999996,3.3960000000000004,29130.0
1993-10-05,3.2119999999999997,3.3089999999999997,3.202,3.286,7672.0
1993-10-06,3.179,3.2489999999999997,3.1489999999999996,3.2489999999999997,6998.0
1993-10-07,3.145,3.383,2.8139999999999996,3.179,17461.0
1993-10-08,3.1489999999999996,3.2319999999999998,3.082,3.165,10266.0
1993-10-11,3.085,3.115,3.0410000000000004,3.112,4278.5
1993-10-12,3.1319999999999997,3.2289999999999996,3.082,3.182,8227.9
1993-10-13,3.085,3.175,3.051,3.1319999999999997,4140.0
1993-10-14,3.0980000000000003,3.112,3.015,3.082,3335.0
1993-10-15,3.082,3.1319999999999997,3.082,3.0980000000000003,3250.0
1993-10-18,3.031,3.0780000000000003,3.015,3.048,2629.2
1993-10-19,3.048,3.112,3.031,3.051,1932.0
1993-10-20,3.048,3.108,3.0410000000000004,3.055,2053.2
1993-10-21,3.015,3.0780000000000003,3.015,3.065,1532.0
1993-10-22,2.998,3.125,2.948,2.9810000000000003,3377.4
1993-10-25,2.847,2.938,2.83,2.864,3751.5
1993-10-26,2.8,2.8739999999999997,2.78,2.844,2905.2
1993-10-27,2.787,2.884,2.753,2.753,2644.0
1993-10-28,2.931,3.008,2.773,2.773,4409.0
1993-10-29,2.927,3.008,2.847,3.008,3502.0
1993-11-01,2.907,2.9139999999999997,2.85,2.897,1811.4
1993-11-02,2.867,2.9139999999999997,2.847,2.907,1281.0
1993-11-03,2.847,2.867,2.8169999999999997,2.847,1584.0
1993-11-04,2.8369999999999997,2.847,2.7969999999999997,2.847,1155.0
1993-11-05,2.897,2.948,2.8369999999999997,2.8369999999999997,1753.0
1993-11-08,2.9810000000000003,3.005,2.9139999999999997,2.9739999999999998,4139.0
1993-11-09,3.095,3.1319999999999997,2.9810000000000003,3.008,7782.0
1993-11-10,3.015,3.128,2.763,3.115,8511.3
1993-11-11,3.065,3.095,2.984,3.015,4761.6
1993-11-12,3.0980000000000003,3.1319999999999997,3.065,3.095,5461.0
1993-11-15,3.155,3.216,3.051,3.115,8265.8
1993-11-16,3.155,3.242,3.035,3.142,11366.2
1993-11-17,3.175,3.3089999999999997,3.1489999999999996,3.219,11289.6
1993-11-18,3.182,3.2319999999999998,3.175,3.1919999999999997,4817.9
1993-11-19,3.216,3.2319999999999998,3.182,3.199,7030.0
1993-11-22,3.2089999999999996,3.266,2.593,3.2319999999999998,9703.0
1993-11-23,3.179,3.343,3.048,3.216,14783.0
1993-11-24,3.142,3.2489999999999997,3.0980000000000003,3.165,6517.0
1993-11-25,3.2260000000000004,3.283,3.1489999999999996,3.182,8471.0
1993-11-26,3.1319999999999997,3.386,3.1180000000000003,3.35,11481.0
1993-11-29,3.1319999999999997,3.182,3.031,3.115,6964.5
1993-11-30,3.1689999999999996,3.2089999999999996,3.1489999999999996,3.182,6812.2
1993-12-01,3.122,3.182,3.082,3.182,4610.0
1993-12-02,3.242,3.2489999999999997,3.0980000000000003,3.122,8068.6
1993-12-03,3.182,3.2489999999999997,3.1489999999999996,3.2489999999999997,7018.0
1993-12-06,3.182,3.279,3.1689999999999996,3.182,7309.3
1993-12-07,3.1489999999999996,3.2489999999999997,3.0980000000000003,3.216,6724.0
1993-12-08,3.155,3.3760000000000003,3.122,3.199,13427.9
1993-12-09,3.165,3.283,3.135,3.2319999999999998,9314.6
1993-12-10,3.1489999999999996,3.2460000000000004,3.122,3.216,5010.01
1993-12-13,3.082,3.182,3.051,3.1489999999999996,3281.0
1993-12-14,2.988,3.112,2.948,3.082,3161.5
1993-12-15,3.035,3.082,2.964,2.998,3608.0
1993-12-16,2.773,3.075,2.773,3.048,2479.0
1993-12-17,2.9410000000000003,3.005,2.85,2.951,4589.5
1993-12-20,2.418,2.68,2.345,2.6460000000000004,6464.5
1993-12-21,2.539,2.546,2.378,2.428,5741.0
1993-12-22,2.452,2.6260000000000003,2.395,2.529,7479.0
1993-12-23,2.509,2.546,2.432,2.432,2601.0
1993-12-24,2.529,2.569,2.495,2.512,2970.0
1993-12-27,2.562,2.572,2.519,2.552,2163.11
1993-12-28,2.512,2.5789999999999997,2.4819999999999998,2.572,2433.0
1993-12-29,2.449,2.529,2.445,2.512,1192.0
1993-12-30,2.546,2.559,2.455,2.455,2785.4
1993-12-31,2.546,2.572,2.449,2.552,2435.0
1994-01-03,2.495,2.572,2.472,2.472,1317.0
1994-01-04,2.475,2.529,2.465,2.529,802.0
1994-01-05,2.485,2.505,2.455,2.472,1080.0
1994-01-06,2.5789999999999997,2.5789999999999997,2.472,2.485,3301.0
1994-01-07,2.6430000000000002,2.773,2.613,2.6260000000000003,12022.1
1994-01-10,2.6460000000000004,2.7230000000000003,2.6189999999999998,2.66,3813.7
1994-01-11,2.589,2.673,2.572,2.673,3103.1
1994-01-12,2.559,2.589,2.549,2.5860000000000003,2059.0
1994-01-13,2.6260000000000003,2.6289999999999996,2.559,2.559,1624.9
1994-01-14,2.428,2.6460000000000004,2.345,2.639,4533.0
1994-01-17,2.392,2.472,2.378,2.472,6366.0
1994-01-18,2.3480000000000003,2.428,2.294,2.412,2010.0
1994-01-19,2.271,2.365,2.244,2.3609999999999998,1971.5
1994-01-20,2.227,2.244,2.16,2.244,2228.0
1994-01-21,2.227,2.3040000000000003,2.194,2.211,2712.0
1994-01-24,2.311,2.3280000000000003,2.2640000000000002,2.274,2862.1
1994-01-25,2.271,2.405,2.248,2.338,2429.6
1994-01-26,2.238,2.3280000000000003,2.231,2.261,1082.0
1994-01-27,2.274,2.291,2.227,2.238,492.0
1994-01-28,2.271,2.298,2.204,2.261,1109.0
1994-01-31,2.157,2.194,2.043,2.177,1243.0
1994-02-01,2.09,2.11,2.043,2.11,1006.0
1994-02-02,2.14,2.234,2.07,2.07,811.8
1994-02-03,2.171,2.211,2.14,2.144,1032.0
1994-02-04,2.224,2.238,2.144,2.181,1093.0
1994-02-14,2.177,2.311,2.177,2.311,1323.0
1994-02-15,2.134,2.174,2.11,2.174,677.0
1994-02-16,2.164,2.177,2.127,2.127,493.0
1994-02-17,2.177,2.181,2.127,2.154,544.5
1994-02-18,2.157,2.171,2.137,2.16,254.0
1994-02-21,2.0869999999999997,2.144,2.06,2.144,944.0
1994-02-22,2.134,2.177,2.06,2.07,777.5
1994-02-23,2.1,2.127,2.063,2.127,404.0
1994-02-24,2.09,2.1,2.05,2.1,879.0
1994-02-25,2.127,2.16,2.083,2.114,1241.3
1994-02-28,2.063,2.124,2.03,2.093,2098.0
1994-03-01,2.026,2.06,2.01,2.06,1223.0
1994-03-02,1.959,2.023,1.876,2.01,1389.0
1994-03-03,1.896,1.946,1.8419999999999999,1.946,1763.5
1994-03-04,1.849,1.876,1.8259999999999998,1.876,1716.0
1994-03-07,1.7919999999999998,1.8090000000000002,1.7790000000000001,1.8090000000000002,166.0
1994-03-08,1.745,1.869,1.7280000000000002,1.7919999999999998,1802.0
1994-03-09,1.685,1.775,1.681,1.745,2175.0
1994-03-10,1.7080000000000002,1.876,1.608,1.692,5489.0
1994-03-11,1.805,1.805,1.661,1.745,5482.9
1994-03-14,2.244,2.3409999999999997,2.01,2.05,17892.5
1994-03-15,2.345,2.505,2.278,2.371,28708.5
1994-03-16,2.278,2.3080000000000003,2.05,2.278,8904.7
1994-03-17,2.335,2.613,2.271,2.345,18787.0
1994-03-18,2.174,2.3409999999999997,2.127,2.3409999999999997,7292.6
1994-03-21,1.993,2.11,1.983,2.11,4519.0
1994-03-22,2.0669999999999997,2.0669999999999997,1.916,1.943,3139.0
1994-03-23,1.976,2.0669999999999997,1.943,2.043,3093.0
1994-03-24,1.943,2.006,1.916,1.976,2547.0
1994-03-25,1.943,2.0,1.936,1.97,2852.0
1994-03-28,1.959,1.976,1.879,1.909,2735.9
1994-03-29,2.0669999999999997,2.137,1.983,2.037,7663.3
1994-03-30,2.043,2.11,1.993,2.104,4502.7
1994-03-31,2.345,2.345,2.0469999999999997,2.06,19703.71
1994-04-01,2.093,2.3409999999999997,1.919,2.3409999999999997,18805.4
1994-04-04,1.986,2.137,1.936,2.114,5220.0
1994-04-05,1.99,2.016,1.946,1.97,3776.0
1994-04-06,2.04,2.07,1.996,2.003,3435.3
1994-04-07,2.05,2.07,2.013,2.0469999999999997,4855.7
1994-04-08,2.06,2.07,2.013,2.05,4903.4
1994-04-12,1.976,1.993,1.913,1.913,3067.8
1994-04-13,1.933,1.993,1.909,1.976,2496.0
1994-04-14,1.859,1.909,1.839,1.909,1769.0
1994-04-18,1.7280000000000002,1.775,1.615,1.7690000000000001,3888.5
1994-04-19,1.591,1.7080000000000002,1.591,1.671,1865.0
1994-04-20,1.4569999999999999,1.524,1.4240000000000002,1.507,4143.5
1994-04-21,1.588,1.635,1.4069999999999998,1.4340000000000002,3608.5
1994-04-22,1.507,1.6480000000000001,1.4769999999999999,1.588,6094.0
1994-04-25,1.46,1.511,1.4340000000000002,1.511,1887.0
1994-04-26,1.527,1.558,1.464,1.474,1934.1
1994-04-27,1.591,1.591,1.524,1.561,2636.0
1994-04-28,1.621,1.6680000000000001,1.514,1.641,6334.5
1994-04-29,1.608,1.7080000000000002,1.568,1.574,4299.8
1994-05-03,1.625,1.625,1.548,1.548,1040.0
1994-05-04,1.625,1.651,1.581,1.6380000000000001,1759.0
1994-05-05,1.527,1.601,1.4769999999999999,1.584,1298.0
1994-05-06,1.484,1.507,1.44,1.507,1060.0
1994-05-09,1.4869999999999999,1.507,1.474,1.474,639.0
1994-05-10,1.514,1.514,1.4809999999999999,1.494,509.9
1994-05-11,1.521,1.635,1.521,1.524,3335.5
1994-05-12,1.514,1.598,1.507,1.507,1183.0
1994-05-13,1.558,1.571,1.494,1.507,1543.0
1994-05-16,1.621,1.665,1.601,1.6480000000000001,6611.51
1994-05-17,1.568,1.618,1.561,1.611,1813.93
1994-05-18,1.524,1.564,1.524,1.564,3133.77
1994-05-19,1.514,1.514,1.4909999999999999,1.494,2195.71
1994-05-20,1.501,1.534,1.494,1.524,5014.7
1994-05-23,1.4809999999999999,1.555,1.4569999999999999,1.525,3000.2
1994-05-24,1.462,1.4669999999999999,1.4269999999999998,1.4669999999999999,1830.2
1994-05-25,1.4369999999999998,1.476,1.432,1.462,2373.6
1994-05-26,1.3880000000000001,1.4469999999999998,1.369,1.4369999999999998,2192.1
1994-05-27,1.339,1.383,1.32,1.383,2476.2
1994-05-30,1.247,1.295,1.247,1.295,2705.0
1994-05-31,1.266,1.271,1.212,1.222,2164.99
1994-06-01,1.222,1.271,1.217,1.271,2199.2
1994-06-02,1.178,1.212,1.173,1.212,3319.5
1994-06-03,1.217,1.261,1.183,1.193,9268.85
1994-06-06,1.183,1.193,1.163,1.183,10480.02
1994-06-07,1.124,1.173,1.124,1.168,9151.5
1994-06-08,1.159,1.203,1.1,1.105,6202.7
1994-06-09,1.115,1.168,1.115,1.149,3149.24
1994-06-10,1.105,1.1440000000000001,1.1,1.115,3947.39
1994-06-13,1.09,1.105,1.08,1.095,6404.78
1994-06-14,1.105,1.124,1.09,1.09,5065.4
1994-06-15,1.163,1.183,1.119,1.119,16065.4
1994-06-16,1.168,1.173,1.124,1.163,5599.9
1994-06-17,1.203,1.242,1.1340000000000001,1.168,14440.54
1994-06-20,1.105,1.193,1.105,1.168,11888.91
1994-06-21,1.119,1.124,1.095,1.105,4021.0
1994-06-22,1.115,1.1340000000000001,1.11,1.115,2802.35
1994-06-23,1.115,1.139,1.1,1.124,3524.4
1994-06-24,1.095,1.115,1.085,1.115,4378.0
1994-06-27,1.061,1.075,1.051,1.075,3010.53
1994-06-28,1.051,1.0659999999999998,1.051,1.061,1606.2
1994-06-29,1.041,1.075,1.041,1.061,3249.0
1994-06-30,1.056,1.061,1.0170000000000001,1.036,2914.7
1994-07-01,1.022,1.046,1.022,1.0270000000000001,1943.0
1994-07-04,1.012,1.0170000000000001,0.983,1.002,2431.3
1994-07-05,1.041,1.046,1.0070000000000001,1.0070000000000001,2168.95
1994-07-06,1.022,1.075,1.0170000000000001,1.051,22507.8
1994-07-07,1.022,1.041,1.0070000000000001,1.012,5161.8
1994-07-08,1.041,1.046,1.022,1.022,4714.2
1994-07-11,1.0170000000000001,1.036,1.012,1.031,3956.2
1994-07-12,1.0270000000000001,1.0270000000000001,1.0170000000000001,1.0170000000000001,1172.3
1994-07-13,1.031,1.036,1.0170000000000001,1.031,2047.5
1994-07-14,1.031,1.041,1.012,1.041,2384.4
1994-07-15,1.0070000000000001,1.0270000000000001,0.987,1.0270000000000001,5480.1
1994-07-18,0.978,0.987,0.963,0.983,2551.7
1994-07-19,0.973,0.983,0.958,0.978,1229.1
1994-07-20,0.973,0.978,0.958,0.973,1332.5
1994-07-21,0.973,0.973,0.943,0.958,3615.45
1994-07-22,0.953,0.958,0.929,0.958,2751.3
1994-07-25,0.958,0.958,0.929,0.943,5359.96
1994-07-26,0.983,0.987,0.9390000000000001,0.968,5062.9
1994-07-27,0.929,0.983,0.836,0.983,4820.6
1994-07-28,0.87,0.943,0.821,0.929,5503.2
1994-07-29,0.831,0.856,0.772,0.846,2776.56
1994-08-01,1.056,1.085,0.919,0.934,33725.31
1994-08-02,0.978,1.168,0.978,1.08,56517.76
1994-08-03,1.369,1.3880000000000001,0.978,0.978,160145.56
1994-08-04,1.54,1.6909999999999998,1.4669999999999999,1.4669999999999999,183770.22
1994-08-05,2.004,2.063,1.6130000000000002,1.6380000000000001,205687.85
1994-08-08,2.386,2.835,2.2,2.21,162343.15
1994-08-09,1.955,2.395,1.8630000000000002,2.395,88805.05
1994-08-10,2.444,2.532,1.8090000000000002,1.8969999999999998,164165.73
1994-08-11,2.322,2.679,2.249,2.591,174044.91
1994-08-12,2.298,2.449,2.2,2.2,64482.29
1994-08-15,2.122,2.2880000000000003,2.063,2.102,50830.37
1994-08-16,2.278,2.444,2.205,2.342,53141.56
1994-08-17,2.332,2.346,2.229,2.346,38097.14
1994-08-18,2.425,2.522,2.302,2.371,131720.25
1994-08-19,2.234,2.434,2.214,2.395,60260.13
1994-08-22,2.136,2.224,2.063,2.063,38348.14
1994-08-23,2.21,2.21,2.102,2.195,20675.1
1994-08-24,2.151,2.224,2.136,2.224,15807.86
1994-08-25,2.146,2.195,2.112,2.141,14077.72
1994-08-26,2.112,2.224,2.092,2.2,17830.9
1994-08-29,2.102,2.249,2.068,2.068,19725.99
1994-08-30,2.195,2.3369999999999997,2.131,2.161,45121.65
1994-08-31,2.3369999999999997,2.346,2.175,2.254,62392.25
1994-09-01,2.444,2.532,2.346,2.395,127906.5
1994-09-02,2.478,2.513,2.3609999999999998,2.459,77968.47
1994-09-05,2.786,2.826,2.4930000000000003,2.532,197679.1
1994-09-06,2.738,2.9330000000000003,2.645,2.8739999999999997,108949.54
1994-09-07,2.474,2.909,2.395,2.679,106332.44
1994-09-08,2.537,2.591,2.464,2.542,46042.35
1994-09-09,2.405,2.5860000000000003,2.346,2.562,45226.0
1994-09-12,2.635,2.7230000000000003,2.503,2.503,94327.64
1994-09-13,2.8110000000000004,3.065,2.7030000000000003,2.718,285395.39
1994-09-14,2.728,2.972,2.6889999999999996,2.918,119933.94
1994-09-15,2.6639999999999997,2.8110000000000004,2.4930000000000003,2.738,36481.3
1994-09-16,2.6639999999999997,2.767,2.591,2.738,35165.07
1994-09-19,2.498,2.64,2.498,2.625,18225.1
1994-09-20,2.415,2.4930000000000003,2.351,2.459,25669.79
1994-09-21,2.625,2.635,2.449,2.449,19552.7
1994-09-22,2.469,2.6689999999999996,2.444,2.659,24036.9
1994-09-23,2.322,2.444,2.298,2.434,24648.5
1994-09-26,2.3369999999999997,2.346,2.205,2.249,15635.85
1994-09-27,2.254,2.332,2.249,2.3169999999999997,8580.13
1994-09-28,2.395,2.444,2.254,2.254,22146.57
1994-09-29,2.141,2.439,2.0869999999999997,2.425,17527.19
1994-09-30,1.98,2.102,1.931,2.048,28244.46
1994-10-05,1.7109999999999999,1.931,1.569,1.911,25762.5
1994-10-06,1.608,1.882,1.564,1.8090000000000002,19232.0
1994-10-07,1.906,1.985,1.276,1.476,47027.12
1994-10-10,1.7109999999999999,1.858,1.4669999999999999,1.4669999999999999,37845.63
1994-10-11,1.77,1.8090000000000002,1.7109999999999999,1.784,15617.9
1994-10-12,1.76,1.838,1.74,1.784,15816.4
1994-10-13,1.555,1.755,1.525,1.755,22611.6
1994-10-14,1.618,1.6380000000000001,1.423,1.4669999999999999,22526.35
1994-10-17,1.506,1.55,1.4709999999999999,1.506,8665.3
1994-10-18,1.525,1.535,1.501,1.501,7548.4
1994-10-19,1.589,1.608,1.525,1.525,11606.22
1994-10-20,1.735,1.755,1.6030000000000002,1.6130000000000002,30443.33
1994-10-21,1.6769999999999998,1.828,1.652,1.784,32332.85
1994-10-24,1.902,1.906,1.7109999999999999,1.75,41747.36
1994-10-25,1.8330000000000002,1.994,1.7990000000000002,1.955,64135.96
1994-10-26,1.662,1.8090000000000002,1.6380000000000001,1.8090000000000002,26941.82
1994-10-27,1.726,1.735,1.6380000000000001,1.662,10857.78
1994-10-28,1.682,1.7990000000000002,1.6380000000000001,1.7109999999999999,23878.5
1994-10-31,1.6380000000000001,1.682,1.555,1.574,10429.5
1994-11-01,1.6769999999999998,1.696,1.6380000000000001,1.6669999999999998,7595.6
1994-11-02,1.652,1.6769999999999998,1.6380000000000001,1.6380000000000001,3919.9
1994-11-03,1.77,1.7990000000000002,1.6569999999999998,1.6569999999999998,22139.72
1994-11-04,1.6469999999999998,1.765,1.633,1.76,12596.7
1994-11-07,1.652,1.6769999999999998,1.564,1.564,5113.6
1994-11-08,1.706,1.7790000000000001,1.6669999999999998,1.7009999999999998,23901.78
1994-11-09,1.7109999999999999,1.726,1.6380000000000001,1.662,12053.8
1994-11-10,1.672,1.7790000000000001,1.662,1.76,10918.3
1994-11-11,1.7109999999999999,1.7109999999999999,1.652,1.7009999999999998,4983.0
1994-11-14,1.716,1.74,1.7009999999999998,1.7109999999999999,9235.7
1994-11-15,1.652,1.696,1.6280000000000001,1.6869999999999998,8000.1
1994-11-16,1.662,1.6769999999999998,1.6380000000000001,1.652,4841.85
1994-11-17,1.633,1.672,1.633,1.662,2688.0
1994-11-18,1.652,1.6569999999999998,1.6030000000000002,1.6230000000000002,2946.5
1994-11-21,1.6380000000000001,1.652,1.618,1.6380000000000001,1153.6
1994-11-22,1.618,1.652,1.6130000000000002,1.643,1783.2
1994-11-23,1.6030000000000002,1.618,1.589,1.6130000000000002,2580.1
1994-11-24,1.594,1.6030000000000002,1.564,1.589,1758.35
1994-11-25,1.6030000000000002,1.652,1.594,1.6380000000000001,1792.6
1994-11-28,1.6030000000000002,1.608,1.594,1.594,1448.8
1994-11-29,1.652,1.652,1.5590000000000002,1.5590000000000002,1515.0
1994-11-30,1.6130000000000002,1.6380000000000001,1.608,1.6230000000000002,1859.1
1994-12-01,1.6130000000000002,1.633,1.594,1.618,766.8
1994-12-02,1.6030000000000002,1.633,1.594,1.6130000000000002,1225.0
1994-12-05,1.574,1.594,1.574,1.594,1954.0
1994-12-06,1.55,1.574,1.535,1.564,2699.6
1994-12-07,1.535,1.579,1.53,1.55,1715.1
1994-12-08,1.525,1.55,1.515,1.55,1918.0
1994-12-09,1.506,1.53,1.4909999999999999,1.515,2574.9
1994-12-12,1.4809999999999999,1.506,1.4709999999999999,1.4809999999999999,3100.8
1994-12-13,1.535,1.564,1.4809999999999999,1.525,2174.3
1994-12-14,1.501,1.52,1.496,1.511,1581.2
1994-12-15,1.589,1.6130000000000002,1.4669999999999999,1.4669999999999999,5765.0
1994-12-16,1.594,1.6569999999999998,1.555,1.589,11910.9
1994-12-19,1.55,1.643,1.545,1.643,3561.0
1994-12-20,1.55,1.574,1.515,1.5590000000000002,2352.1
1994-12-21,1.54,1.579,1.54,1.54,4198.78
1994-12-22,1.501,1.54,1.486,1.525,3195.8
1994-12-23,1.506,1.545,1.496,1.501,6337.3
1994-12-26,1.511,1.564,1.496,1.52,6175.35
1994-12-27,1.486,1.54,1.4809999999999999,1.496,4966.9
1994-12-28,1.4669999999999999,1.496,1.4569999999999999,1.486,4178.45
1994-12-29,1.4669999999999999,1.506,1.4569999999999999,1.4669999999999999,2768.9
1994-12-30,1.4709999999999999,1.4809999999999999,1.4569999999999999,1.476,2332.62
1995-01-03,1.442,1.4669999999999999,1.432,1.432,899.6
1995-01-04,1.4709999999999999,1.486,1.442,1.442,1203.0
1995-01-05,1.4669999999999999,1.496,1.4469999999999998,1.4709999999999999,1604.0
1995-01-06,1.4669999999999999,1.4669999999999999,1.379,1.4569999999999999,1869.3
1995-01-09,1.4269999999999998,1.442,1.4080000000000001,1.4180000000000001,1596.2
1995-01-10,1.379,1.4180000000000001,1.379,1.4180000000000001,2529.0
1995-01-11,1.369,1.403,1.369,1.379,1523.3
1995-01-12,1.364,1.393,1.364,1.374,2336.3
1995-01-13,1.349,1.359,1.344,1.349,1800.0
1995-01-16,1.32,1.335,1.281,1.32,1617.0
1995-01-17,1.315,1.335,1.315,1.32,1048.9
1995-01-18,1.32,1.325,1.295,1.295,955.3
1995-01-19,1.271,1.335,1.271,1.32,1390.15
1995-01-20,1.266,1.295,1.222,1.271,2099.75
1995-01-23,1.222,1.247,1.222,1.247,2107.0
1995-01-24,1.222,1.247,1.212,1.222,1490.4
1995-01-25,1.232,1.261,1.222,1.232,1601.39
1995-01-26,1.237,1.247,1.222,1.222,1024.44
1995-01-27,1.271,1.281,1.247,1.247,2735.6
1995-02-06,1.222,1.261,1.212,1.212,1600.0
1995-02-07,1.217,1.237,1.212,1.222,926.0
1995-02-08,1.232,1.242,1.222,1.222,650.0
1995-02-09,1.271,1.276,1.232,1.232,1161.4
1995-02-10,1.242,1.286,1.237,1.271,2357.0
1995-02-13,1.247,1.256,1.222,1.227,759.4
1995-02-14,1.247,1.261,1.232,1.247,813.4
1995-02-15,1.237,1.247,1.232,1.232,334.2
1995-02-16,1.227,1.237,1.222,1.222,797.0
1995-02-17,1.227,1.232,1.212,1.222,1115.9
1995-02-20,1.232,1.237,1.212,1.222,768.8
1995-02-21,1.251,1.354,1.222,1.227,703.3
1995-02-22,1.359,1.364,1.247,1.247,6111.94
1995-02-23,1.32,1.393,1.295,1.32,7952.5
1995-02-24,1.256,1.344,1.242,1.32,2863.89
1995-02-27,1.256,1.335,1.247,1.295,3154.0
1995-02-28,1.232,1.256,1.227,1.247,1250.5
1995-03-01,1.232,1.242,1.222,1.242,1410.1
1995-03-02,1.237,1.266,1.222,1.237,1291.6
1995-03-03,1.266,1.281,1.232,1.247,2837.6
1995-03-06,1.344,1.359,1.256,1.3,6404.57
1995-03-07,1.364,1.379,1.271,1.344,11745.2
1995-03-08,1.374,1.4469999999999998,1.364,1.369,21586.91
1995-03-09,1.315,1.393,1.31,1.369,7709.1
1995-03-10,1.266,1.3,1.256,1.3,5420.91
1995-03-13,1.286,1.325,1.261,1.325,3135.8
1995-03-14,1.286,1.31,1.271,1.291,1877.9
1995-03-15,1.242,1.291,1.232,1.291,1912.0
1995-03-16,1.256,1.261,1.237,1.237,1648.7
1995-03-17,1.286,1.291,1.247,1.256,2548.0
1995-03-20,1.251,1.315,1.251,1.286,3627.0
1995-03-21,1.271,1.276,1.251,1.256,1694.44
1995-03-22,1.354,1.364,1.281,1.286,7526.69
1995-03-23,1.339,1.369,1.315,1.359,13107.76
1995-03-24,1.325,1.354,1.3,1.339,4307.9
1995-03-27,1.359,1.369,1.344,1.369,4458.5
1995-03-28,1.335,1.354,1.32,1.344,3205.4
1995-03-29,1.349,1.349,1.31,1.33,2894.0
1995-03-30,1.31,1.359,1.31,1.359,6388.0
1995-03-31,1.339,1.349,1.31,1.31,3115.2
1995-04-03,1.369,1.383,1.344,1.359,9297.19
1995-04-04,1.379,1.393,1.359,1.369,7693.92
1995-04-05,1.349,1.383,1.335,1.383,4250.6
1995-04-06,1.359,1.383,1.32,1.32,7110.32
1995-04-07,1.4180000000000001,1.423,1.354,1.354,20362.34
1995-04-10,1.4180000000000001,1.4909999999999999,1.4080000000000001,1.442,19272.1
1995-04-11,1.33,1.4669999999999999,1.325,1.383,5879.0
1995-04-12,1.335,1.369,1.31,1.33,4246.3
1995-04-13,1.3,1.33,1.295,1.33,1887.0
1995-04-14,1.295,1.3,1.271,1.3,2628.17
1995-04-17,1.291,1.305,1.286,1.295,2258.0
1995-04-18,1.281,1.305,1.276,1.295,1333.7
1995-04-19,1.295,1.295,1.271,1.281,1043.3
1995-04-20,1.315,1.32,1.291,1.291,1879.8
1995-04-21,1.31,1.349,1.31,1.325,2885.69
1995-04-24,1.281,1.295,1.261,1.291,2118.9
1995-04-25,1.291,1.291,1.261,1.271,1111.31
1995-04-26,1.251,1.291,1.251,1.286,2277.0
1995-04-27,1.183,1.232,1.0270000000000001,1.227,6257.7
1995-04-28,1.203,1.217,1.183,1.183,2464.14
1995-05-02,1.203,1.207,1.173,1.198,1267.0
1995-05-03,1.217,1.222,1.203,1.217,1488.55
1995-05-04,1.212,1.212,1.178,1.207,959.2
1995-05-05,1.227,1.232,1.183,1.183,654.9
1995-05-08,1.222,1.222,1.198,1.222,651.7
1995-05-09,1.227,1.232,1.212,1.227,652.3
1995-05-10,1.222,1.242,1.198,1.222,1457.4
1995-05-11,1.222,1.222,1.203,1.222,366.4
1995-05-12,1.247,1.256,1.198,1.217,1813.1
1995-05-15,1.247,1.247,1.212,1.227,1065.5
1995-05-16,1.227,1.251,1.227,1.251,316.0
1995-05-17,1.227,1.227,1.217,1.222,637.0
1995-05-18,1.564,1.7109999999999999,1.4180000000000001,1.7109999999999999,38398.97
1995-05-19,1.858,1.8869999999999998,1.564,1.6030000000000002,64457.44
1995-05-22,2.043,2.18,1.96,2.053,77489.48
1995-05-23,1.589,1.858,1.584,1.735,44791.58
1995-05-24,1.54,1.662,1.4709999999999999,1.6380000000000001,19292.24
1995-05-26,1.564,1.95,1.344,1.4180000000000001,20916.73
1995-05-29,1.506,1.564,1.4669999999999999,1.564,8584.0
1995-05-30,1.511,1.54,1.4809999999999999,1.515,5010.9
1995-05-31,1.475,1.49,1.45,1.49,3015.2
1995-06-01,1.49,1.495,1.465,1.48,2781.71
1995-06-02,1.506,1.531,1.49,1.506,4761.0
1995-06-05,1.455,1.511,1.45,1.506,3725.0
1995-06-06,1.43,1.44,1.3940000000000001,1.405,3777.7
1995-06-07,1.506,1.506,1.44,1.48,2733.9
1995-06-08,1.48,1.531,1.465,1.506,7543.06
1995-06-09,1.526,1.531,1.465,1.475,9071.74
1995-06-12,1.607,1.6269999999999998,1.511,1.516,26635.53
1995-06-13,1.551,1.607,1.541,1.591,9072.94
1995-06-14,1.5,1.551,1.49,1.531,7601.3
1995-06-15,1.364,1.506,1.339,1.506,18018.67
1995-06-16,1.379,1.43,1.329,1.339,7420.5
1995-06-19,1.364,1.379,1.344,1.354,3645.3
1995-06-20,1.369,1.3840000000000001,1.364,1.3840000000000001,2209.9
1995-06-21,1.399,1.405,1.364,1.364,2495.55
1995-06-22,1.399,1.415,1.379,1.399,4496.9
1995-06-23,1.405,1.41,1.3840000000000001,1.3840000000000001,2289.1
1995-06-26,1.42,1.42,1.3940000000000001,1.41,2570.49
1995-06-27,1.41,1.445,1.405,1.425,4559.0
1995-06-28,1.399,1.415,1.389,1.405,1573.0
1995-06-29,1.399,1.415,1.389,1.399,2635.0
1995-06-30,1.359,1.415,1.354,1.415,3722.49
1995-07-03,1.314,1.344,1.273,1.344,3827.7
1995-07-04,1.334,1.339,1.314,1.339,2497.4
1995-07-05,1.354,1.364,1.334,1.339,2687.7
1995-07-06,1.344,1.3840000000000001,1.339,1.364,6395.5
1995-07-07,1.435,1.46,1.344,1.364,10696.0
1995-07-10,1.485,1.511,1.425,1.435,25902.54
1995-07-11,1.42,1.5,1.42,1.5,14107.6
1995-07-12,1.415,1.45,1.405,1.405,5313.6
1995-07-13,1.43,1.435,1.415,1.425,3564.0
1995-07-14,1.42,1.45,1.415,1.44,4119.0
1995-07-17,1.5,1.516,1.415,1.415,21059.6
1995-07-18,1.591,1.591,1.44,1.5,53092.25
1995-07-19,1.531,1.6869999999999998,1.516,1.5959999999999999,65921.77
1995-07-20,1.506,1.531,1.475,1.49,12188.08
1995-07-21,1.511,1.541,1.48,1.516,9457.11
1995-07-24,1.6219999999999999,1.6980000000000002,1.511,1.511,58548.32
1995-07-25,1.632,1.7180000000000002,1.591,1.642,43818.53
1995-07-26,1.526,1.632,1.516,1.6269999999999998,23892.5
1995-07-27,1.5859999999999999,1.591,1.506,1.516,11022.4
1995-07-28,1.607,1.6669999999999998,1.5859999999999999,1.607,41435.1
1995-07-31,1.6769999999999998,1.7830000000000001,1.6569999999999998,1.672,84181.48
1995-08-01,1.692,1.703,1.5959999999999999,1.672,28490.31
1995-08-02,1.6019999999999999,1.6980000000000002,1.6019999999999999,1.692,27393.4
1995-08-03,1.6219999999999999,1.6369999999999998,1.591,1.5959999999999999,7500.7
1995-08-04,1.6269999999999998,1.6569999999999998,1.6019999999999999,1.6019999999999999,8968.93
1995-08-07,1.642,1.642,1.6019999999999999,1.6019999999999999,7758.56
1995-08-08,1.6219999999999999,1.6569999999999998,1.607,1.652,9128.9
1995-08-09,1.6769999999999998,1.6869999999999998,1.607,1.6219999999999999,14846.02
1995-08-10,1.8090000000000002,1.829,1.682,1.682,122159.38
1995-08-11,1.824,1.869,1.7730000000000001,1.814,95674.61
1995-08-14,1.95,2.122,1.844,1.895,102653.58
1995-08-15,1.8840000000000001,1.98,1.682,1.94,58104.87
1995-08-16,2.046,2.046,1.869,1.8840000000000001,84632.84
1995-08-17,1.985,2.046,1.93,2.011,48971.93
1995-08-18,1.879,1.985,1.859,1.97,35729.28
1995-08-21,1.768,1.844,1.758,1.844,18886.3
1995-08-22,1.7530000000000001,1.7730000000000001,1.733,1.758,10700.98
1995-08-23,1.692,1.804,1.682,1.778,9743.1
1995-08-24,1.7180000000000002,1.743,1.632,1.672,11020.0
1995-08-25,1.672,1.7180000000000002,1.642,1.7180000000000002,6473.2
1995-08-28,1.662,1.672,1.617,1.617,3976.0
1995-08-29,1.662,1.723,1.652,1.6769999999999998,7009.3
1995-08-30,1.652,1.6769999999999998,1.6469999999999998,1.662,4064.0
1995-08-31,1.713,1.7180000000000002,1.642,1.6669999999999998,8335.7
1995-09-01,1.7730000000000001,1.7830000000000001,1.6980000000000002,1.7180000000000002,22653.04
1995-09-04,1.804,1.819,1.743,1.7830000000000001,19754.7
1995-09-05,1.7480000000000002,1.819,1.723,1.819,9722.9
1995-09-06,1.819,1.839,1.7280000000000002,1.743,16414.43
1995-09-07,1.834,1.94,1.824,1.839,51742.04
1995-09-08,1.804,1.844,1.7830000000000001,1.794,14102.16
1995-09-11,1.844,1.849,1.794,1.794,15656.07
1995-09-12,1.93,1.9909999999999999,1.834,1.879,73327.15
1995-09-13,1.895,1.945,1.834,1.93,29963.15
1995-09-14,1.859,1.895,1.844,1.895,14772.0
1995-09-15,1.819,1.854,1.768,1.844,11157.56
1995-09-18,1.829,1.834,1.778,1.778,9317.9
1995-09-19,1.7630000000000001,1.839,1.743,1.824,10330.0
1995-09-20,1.723,1.743,1.7080000000000002,1.743,9312.45
1995-09-21,1.7480000000000002,1.7630000000000001,1.7180000000000002,1.7180000000000002,3563.0
1995-09-22,1.7480000000000002,1.768,1.7380000000000002,1.743,3792.0
1995-09-25,1.713,1.743,1.692,1.7180000000000002,3730.2
1995-09-26,1.733,1.743,1.682,1.682,2305.0
1995-09-27,1.6669999999999998,1.7280000000000002,1.642,1.642,8639.0
1995-09-28,1.7180000000000002,1.723,1.6469999999999998,1.6669999999999998,7146.5
1995-09-29,1.758,1.768,1.6980000000000002,1.7280000000000002,7882.74
1995-10-04,1.7480000000000002,1.7730000000000001,1.6980000000000002,1.743,4071.84
1995-10-05,1.778,1.7830000000000001,1.723,1.743,6137.4
1995-10-06,1.733,1.7990000000000002,1.723,1.794,5558.3
1995-10-09,1.692,1.743,1.672,1.743,7312.8
1995-10-10,1.692,1.7380000000000002,1.6769999999999998,1.692,6025.51
1995-10-11,1.7530000000000001,1.7530000000000001,1.6669999999999998,1.6869999999999998,11103.75
1995-10-12,1.743,1.844,1.743,1.7530000000000001,37373.9
1995-10-13,1.713,1.768,1.692,1.733,11642.7
1995-10-16,1.778,1.8090000000000002,1.703,1.7180000000000002,21540.68
1995-10-17,1.794,1.8090000000000002,1.7480000000000002,1.768,14171.0
1995-10-18,1.89,1.895,1.778,1.7990000000000002,51053.07
1995-10-19,1.7990000000000002,1.915,1.778,1.915,39807.85
1995-10-20,1.915,1.955,1.7830000000000001,1.788,79848.84
1995-10-23,1.96,2.036,1.92,1.95,124187.34
1995-10-24,1.93,1.98,1.905,1.975,45850.08
1995-10-25,2.036,2.122,1.975,2.122,80851.01
1995-10-26,1.935,2.046,1.92,2.011,46653.8
1995-10-27,1.935,1.975,1.9,1.91,23683.45
1995-10-30,1.96,1.97,1.935,1.935,13287.7
1995-10-31,1.965,2.016,1.94,1.96,26246.02
1995-11-01,2.001,2.016,1.91,1.965,28855.93
1995-11-02,2.041,2.061,1.98,2.001,52257.24
1995-11-03,2.041,2.056,2.011,2.036,30253.1
1995-11-06,2.147,2.162,2.046,2.061,107058.68
1995-11-07,2.1069999999999998,2.142,2.0869999999999997,2.142,35508.61
1995-11-08,2.026,2.076,2.011,2.076,49881.06
1995-11-09,2.001,2.026,1.945,2.011,17676.1
1995-11-10,1.9909999999999999,2.021,1.98,1.996,8287.8
1995-11-13,1.91,1.9909999999999999,1.89,1.98,15729.65
1995-11-14,1.89,1.945,1.869,1.895,13129.25
1995-11-15,1.925,1.925,1.829,1.895,17659.65
1995-11-16,1.864,1.92,1.849,1.895,9215.0
1995-11-17,1.854,1.8840000000000001,1.819,1.844,6247.8
1995-11-20,1.859,1.879,1.819,1.829,3912.8
1995-11-21,1.879,1.9,1.859,1.879,2985.7
1995-11-22,1.819,1.895,1.819,1.895,5608.2
1995-11-23,1.7830000000000001,1.829,1.778,1.819,5773.48
1995-11-24,1.788,1.819,1.768,1.768,2888.5
1995-11-27,1.7180000000000002,1.7830000000000001,1.7180000000000002,1.7830000000000001,3337.4
1995-11-28,1.794,1.794,1.6669999999999998,1.7180000000000002,7212.9
1995-11-29,1.733,1.7830000000000001,1.713,1.7830000000000001,5322.7
1995-11-30,1.733,1.8090000000000002,1.6669999999999998,1.713,6832.7
1995-12-01,1.713,1.7530000000000001,1.6669999999999998,1.682,5453.2
1995-12-04,1.713,1.723,1.6769999999999998,1.6769999999999998,1816.0
1995-12-05,1.723,1.7380000000000002,1.7180000000000002,1.7180000000000002,2017.8
1995-12-06,1.6980000000000002,1.7180000000000002,1.692,1.7080000000000002,1758.3
1995-12-07,1.703,1.7380000000000002,1.672,1.672,1054.9
1995-12-08,1.733,1.7630000000000001,1.703,1.703,5124.0
1995-12-11,1.6669999999999998,1.7480000000000002,1.652,1.733,6001.7
1995-12-12,1.682,1.733,1.632,1.642,6138.4
1995-12-13,1.6469999999999998,1.713,1.6369999999999998,1.692,5447.0
1995-12-14,1.6569999999999998,1.672,1.6269999999999998,1.6269999999999998,2714.6
1995-12-15,1.617,1.6569999999999998,1.6119999999999999,1.6469999999999998,4608.0
1995-12-18,1.571,1.607,1.5659999999999998,1.607,4271.0
1995-12-19,1.581,1.607,1.571,1.607,2409.0
1995-12-20,1.607,1.617,1.5859999999999999,1.6019999999999999,2421.6
1995-12-21,1.607,1.6569999999999998,1.6019999999999999,1.6119999999999999,4086.0
1995-12-22,1.607,1.617,1.591,1.6119999999999999,1890.6
1995-12-25,1.561,1.5759999999999998,1.556,1.5659999999999998,1962.9
1995-12-26,1.541,1.5659999999999998,1.521,1.561,2245.0
1995-12-27,1.546,1.556,1.506,1.531,3785.5
1995-12-28,1.495,1.536,1.49,1.516,2939.0
1995-12-29,1.485,1.516,1.475,1.495,4149.0
1996-01-02,1.42,1.44,1.389,1.425,2241.0
1996-01-03,1.435,1.44,1.3940000000000001,1.42,2537.76
1996-01-04,1.506,1.516,1.415,1.415,4578.9
1996-01-05,1.389,1.516,1.389,1.506,4987.3
1996-01-08,1.44,1.445,1.374,1.389,3152.5
1996-01-09,1.516,1.531,1.364,1.485,9285.08
1996-01-10,1.49,1.5,1.44,1.49,5998.2
1996-01-11,1.506,1.546,1.485,1.49,8684.3
1996-01-12,1.49,1.516,1.465,1.49,3487.43
1996-01-15,1.495,1.506,1.465,1.475,2622.01
1996-01-16,1.48,1.526,1.46,1.516,2568.3
1996-01-17,1.425,1.465,1.42,1.46,3560.3
1996-01-18,1.374,1.41,1.369,1.41,7276.9
1996-01-19,1.415,1.415,1.364,1.389,3693.41
1996-01-22,1.399,1.415,1.374,1.415,2137.9
1996-01-23,1.405,1.415,1.389,1.3940000000000001,1867.0
1996-01-24,1.425,1.43,1.405,1.405,1795.7
1996-01-25,1.435,1.516,1.364,1.44,12135.9
1996-01-26,1.44,1.465,1.389,1.405,3649.91
1996-01-29,1.455,1.465,1.44,1.46,2338.01
1996-01-30,1.495,1.495,1.445,1.47,3813.9
1996-01-31,1.506,1.516,1.455,1.475,9810.27
1996-02-01,1.485,1.506,1.47,1.506,3911.6
1996-02-02,1.465,1.475,1.44,1.475,2246.0
1996-02-05,1.42,1.475,1.42,1.475,3508.0
1996-02-06,1.415,1.425,1.389,1.405,6055.6
1996-02-07,1.425,1.43,1.405,1.405,2400.0
1996-02-08,1.415,1.44,1.41,1.425,1261.7
1996-02-09,1.425,1.435,1.42,1.425,856.2
1996-02-12,1.42,1.445,1.405,1.445,836.1
1996-02-13,1.435,1.44,1.415,1.42,1364.69
1996-02-14,1.43,1.455,1.425,1.44,1209.0
1996-02-15,1.445,1.455,1.42,1.425,2615.15
1996-02-16,1.495,1.495,1.455,1.465,7018.45
1996-03-04,1.632,1.642,1.516,1.607,21928.77
1996-03-05,1.6980000000000002,1.768,1.5959999999999999,1.6269999999999998,60540.29
1996-03-06,1.662,1.778,1.6569999999999998,1.692,59026.65
1996-03-07,1.6869999999999998,1.692,1.6269999999999998,1.6569999999999998,13211.93
1996-03-08,1.6980000000000002,1.7080000000000002,1.652,1.692,11164.6
1996-03-11,1.6669999999999998,1.7080000000000002,1.6469999999999998,1.7080000000000002,8733.2
1996-03-12,1.652,1.6569999999999998,1.617,1.642,8832.09
1996-03-13,1.6369999999999998,1.6569999999999998,1.6269999999999998,1.6369999999999998,2911.8
1996-03-14,1.632,1.6469999999999998,1.617,1.6269999999999998,4144.0
1996-03-15,1.617,1.642,1.607,1.6219999999999999,2925.0
1996-03-18,1.6469999999999998,1.652,1.617,1.617,2935.5
1996-03-19,1.6569999999999998,1.6769999999999998,1.642,1.662,4153.9
1996-03-20,1.6769999999999998,1.6769999999999998,1.6469999999999998,1.6469999999999998,3950.3
1996-03-21,1.6869999999999998,1.7280000000000002,1.682,1.682,15227.6
1996-03-22,1.6980000000000002,1.703,1.672,1.682,4368.87
1996-03-25,1.7180000000000002,1.7380000000000002,1.703,1.723,9383.5
1996-03-26,1.6869999999999998,1.7280000000000002,1.6769999999999998,1.7280000000000002,7458.4
1996-03-27,1.692,1.7080000000000002,1.6269999999999998,1.6769999999999998,6694.4
1996-03-28,1.6219999999999999,1.6669999999999998,1.6119999999999999,1.6469999999999998,10270.2
1996-03-29,1.607,1.617,1.5759999999999998,1.5959999999999999,6028.7
1996-04-01,1.6219999999999999,1.662,1.607,1.607,10399.6
1996-04-02,1.561,1.5859999999999999,1.546,1.5659999999999998,4826.6
1996-04-03,1.5659999999999998,1.581,1.556,1.561,4404.7
1996-04-04,1.561,1.5759999999999998,1.556,1.5659999999999998,4591.0
1996-04-05,1.6119999999999999,1.6269999999999998,1.561,1.561,7118.7
1996-04-08,1.6469999999999998,1.6569999999999998,1.617,1.632,12448.6
1996-04-09,1.6269999999999998,1.6469999999999998,1.6219999999999999,1.6469999999999998,4014.09
1996-04-10,1.617,1.632,1.6119999999999999,1.6269999999999998,3739.9
1996-04-11,1.6119999999999999,1.6269999999999998,1.591,1.617,6247.55
1996-04-12,1.6269999999999998,1.642,1.617,1.617,5254.05
1996-04-15,1.6119999999999999,1.6269999999999998,1.5959999999999999,1.617,3817.3
1996-04-16,1.6269999999999998,1.642,1.6119999999999999,1.617,4988.52
1996-04-17,1.6469999999999998,1.652,1.617,1.6369999999999998,7117.0
1996-04-18,1.6669999999999998,1.6669999999999998,1.6219999999999999,1.6369999999999998,4796.4
1996-04-19,1.703,1.703,1.6569999999999998,1.6669999999999998,19494.07
1996-04-22,1.6769999999999998,1.7180000000000002,1.632,1.7180000000000002,19515.5
1996-04-23,1.682,1.6869999999999998,1.642,1.6669999999999998,12678.76
1996-04-24,1.834,1.834,1.7180000000000002,1.7180000000000002,47756.6
1996-04-25,1.743,1.91,1.723,1.859,35105.2
1996-04-26,1.864,1.945,1.743,1.743,52632.56
1996-04-29,1.98,1.98,1.844,1.869,60227.47
1996-04-30,1.92,2.1519999999999997,1.879,2.031,110607.8
1996-05-02,1.794,2.097,1.768,2.021,36011.26
1996-05-06,1.794,1.854,1.703,1.743,22438.3
1996-05-07,1.7480000000000002,1.819,1.7280000000000002,1.819,10096.46
1996-05-08,1.7480000000000002,1.7830000000000001,1.7380000000000002,1.7380000000000002,8112.45
1996-05-09,1.7180000000000002,1.7830000000000001,1.7180000000000002,1.7480000000000002,9156.2
1996-05-10,1.7280000000000002,1.768,1.7080000000000002,1.7180000000000002,7529.0
1996-05-13,1.754,1.82,1.7480000000000002,1.795,7033.3
1996-05-14,1.754,1.795,1.743,1.7690000000000001,5832.4
1996-05-15,1.79,1.795,1.7380000000000002,1.7690000000000001,5572.34
1996-05-16,1.81,1.8459999999999999,1.8,1.8,19946.1
1996-05-17,1.923,1.923,1.81,1.81,19465.85
1996-05-20,1.82,1.974,1.774,1.974,21271.6
1996-05-21,1.733,1.851,1.733,1.825,11540.0
1996-05-22,1.7590000000000001,1.7790000000000001,1.733,1.743,6193.8
1996-05-23,1.702,1.764,1.702,1.7590000000000001,6573.01
1996-05-24,1.692,1.713,1.646,1.692,5252.7
1996-05-27,1.6769999999999998,1.702,1.661,1.692,4117.4
1996-05-28,1.692,1.7180000000000002,1.692,1.7180000000000002,2876.0
1996-05-29,1.7069999999999999,1.7280000000000002,1.702,1.702,1671.4
1996-05-30,1.666,1.7180000000000002,1.651,1.7180000000000002,4497.1
1996-05-31,1.672,1.733,1.651,1.651,3238.8
1996-06-03,1.584,1.6869999999999998,1.538,1.641,6566.0
1996-06-04,1.641,1.6769999999999998,1.615,1.615,5918.1
1996-06-05,1.7180000000000002,1.7380000000000002,1.615,1.646,9135.19
1996-06-06,1.723,1.764,1.6869999999999998,1.743,13087.9
1996-06-07,1.774,1.82,1.743,1.743,19809.08
1996-06-10,1.9069999999999998,1.923,1.7480000000000002,1.795,29939.51
1996-06-11,1.825,1.959,1.795,1.923,23680.27
1996-06-12,1.774,1.8719999999999999,1.754,1.851,14146.9
1996-06-13,1.774,1.7790000000000001,1.733,1.7590000000000001,10972.94
1996-06-14,1.8,1.861,1.784,1.784,18059.1
1996-06-17,1.754,1.8659999999999999,1.7069999999999999,1.805,11686.0
1996-06-18,1.784,1.795,1.723,1.754,9429.68
1996-06-19,1.795,1.8719999999999999,1.7590000000000001,1.805,19057.48
1996-06-20,1.774,1.815,1.754,1.795,7428.24
1996-06-21,1.79,1.8459999999999999,1.7690000000000001,1.795,7973.3
1996-06-24,1.754,1.815,1.7480000000000002,1.795,5959.07
1996-06-25,1.702,1.733,1.661,1.666,6408.7
1996-06-26,1.7480000000000002,1.784,1.7180000000000002,1.743,8390.2
1996-06-27,1.733,1.784,1.692,1.7690000000000001,8638.7
1996-06-28,1.702,1.7380000000000002,1.682,1.733,7491.9
1996-07-01,1.631,1.702,1.62,1.702,6551.0
1996-07-02,1.651,1.656,1.62,1.631,4077.41
1996-07-03,1.641,1.651,1.625,1.651,6067.85
1996-07-04,1.615,1.641,1.605,1.631,7058.68
1996-07-05,1.656,1.713,1.59,1.615,8882.7
1996-07-08,1.692,1.7590000000000001,1.59,1.7590000000000001,10083.2
1996-07-09,1.666,1.692,1.636,1.692,13608.27
1996-07-10,1.733,1.784,1.641,1.641,20158.34
1996-07-11,1.713,1.7690000000000001,1.666,1.7480000000000002,10896.8
1996-07-12,1.7690000000000001,1.7690000000000001,1.672,1.743,23049.5
1996-07-15,1.805,1.82,1.7180000000000002,1.7690000000000001,25602.36
1996-07-16,1.959,1.984,1.7590000000000001,1.82,105020.71
1996-07-17,1.9180000000000001,2.061,1.8869999999999998,1.969,102273.92
1996-07-18,1.969,1.989,1.8869999999999998,1.9069999999999998,37946.06
1996-07-19,2.251,2.282,2.025,2.025,157796.7
1996-07-22,2.3890000000000002,2.543,2.287,2.318,176591.43
1996-07-23,2.271,2.359,2.205,2.359,63566.16
1996-07-24,2.313,2.369,2.246,2.261,58167.76
1996-07-25,2.359,2.441,2.287,2.323,76869.6
1996-07-26,2.215,2.456,2.169,2.359,78105.5
1996-07-29,2.302,2.302,2.23,2.23,33623.07
1996-07-30,2.42,2.502,2.364,2.41,108114.5
1996-07-31,2.487,2.533,2.415,2.487,109713.66
1996-08-01,2.384,2.487,2.318,2.487,44944.5
1996-08-02,2.338,2.4459999999999997,2.256,2.41,33500.84
1996-08-05,2.3280000000000003,2.359,2.287,2.359,19659.35
1996-08-06,2.384,2.41,2.3280000000000003,2.359,31288.57
1996-08-07,2.333,2.41,2.307,2.384,26374.41
1996-08-08,2.307,2.359,2.287,2.333,18919.1
1996-08-09,2.41,2.512,2.307,2.307,41888.55
1996-08-12,2.41,2.461,2.384,2.461,25332.19
1996-08-13,2.343,2.405,2.3280000000000003,2.405,16599.0
1996-08-14,2.318,2.359,2.302,2.333,9669.6
1996-08-15,2.307,2.3480000000000003,2.302,2.307,13394.2
1996-08-16,2.256,2.323,2.21,2.282,15963.15
1996-08-19,2.154,2.256,2.1430000000000002,2.256,11059.0
1996-08-20,2.041,2.1430000000000002,2.036,2.1430000000000002,12169.0
1996-08-21,2.102,2.1430000000000002,2.036,2.036,11359.6
1996-08-22,2.041,2.1430000000000002,1.9480000000000002,2.128,9635.6
1996-08-23,2.0,2.102,1.9480000000000002,2.056,12963.6
1996-08-26,1.8869999999999998,1.989,1.861,1.989,8310.1
1996-08-27,1.9380000000000002,1.9380000000000002,1.8459999999999999,1.8869999999999998,10218.45
1996-08-28,2.066,2.154,1.989,2.154,29248.6
1996-08-29,2.041,2.128,2.01,2.077,13055.65
1996-08-30,2.123,2.174,1.974,2.077,19899.35
1996-09-02,2.133,2.154,2.041,2.123,35878.39
1996-09-03,2.102,2.246,2.102,2.154,31241.3
1996-09-04,2.102,2.123,2.072,2.0869999999999997,13601.34
1996-09-05,2.133,2.256,2.113,2.154,38730.1
1996-09-06,2.0869999999999997,2.164,2.066,2.102,15395.1
1996-09-09,2.025,2.072,2.025,2.066,14573.6
1996-09-10,1.954,2.015,1.9480000000000002,2.0,12865.0
1996-09-11,2.0,2.025,1.9480000000000002,1.9480000000000002,9725.3
1996-09-12,2.041,2.164,2.0,2.072,37716.2
1996-09-13,2.128,2.128,1.984,2.041,22467.77
1996-09-16,2.092,2.148,2.056,2.1430000000000002,15084.6
1996-09-17,2.056,2.1180000000000003,2.051,2.092,15336.7
1996-09-18,2.0,2.097,1.979,2.077,19186.4
1996-09-19,2.025,2.036,1.964,1.989,13817.9
1996-09-20,2.097,2.113,1.995,2.036,13626.29
1996-09-23,2.225,2.246,2.072,2.113,56908.64
1996-09-24,2.2769999999999997,2.3480000000000003,2.195,2.23,72823.47
1996-09-25,2.1790000000000003,2.307,2.169,2.287,38175.15
1996-09-26,2.3480000000000003,2.3890000000000002,2.1790000000000003,2.1790000000000003,96714.59
1996-09-27,2.384,2.436,2.338,2.3890000000000002,59195.11
1996-10-03,2.5639999999999996,2.728,2.4659999999999997,2.497,178301.16
1996-10-04,2.7739999999999996,2.81,2.5639999999999996,2.5639999999999996,129432.89
1996-10-07,2.697,2.7939999999999996,2.595,2.779,86317.53
1996-10-08,2.682,2.738,2.641,2.6919999999999997,52979.06
1996-10-09,2.661,2.784,2.615,2.6919999999999997,70273.59
1996-10-10,2.7889999999999997,2.887,2.6919999999999997,2.6919999999999997,105892.61
1996-10-11,2.923,2.948,2.753,2.825,115296.69
1996-10-14,3.0410000000000004,3.148,2.948,3.076,133437.11
1996-10-15,2.9330000000000003,3.025,2.8710000000000004,3.025,56177.76
1996-10-16,2.784,3.0,2.7430000000000003,2.938,61997.0
1996-10-17,2.861,2.897,2.7739999999999996,2.7739999999999996,39344.62
1996-10-18,2.753,2.964,2.7230000000000003,2.897,42204.97
1996-10-21,2.82,2.846,2.677,2.718,28545.23
1996-10-22,2.8710000000000004,2.897,2.6660000000000004,2.759,46535.0
1996-10-23,3.0660000000000003,3.076,2.8710000000000004,2.928,84025.83
1996-10-24,3.0660000000000003,3.21,3.025,3.128,91530.15
1996-10-25,2.9739999999999998,3.076,2.8710000000000004,3.0660000000000003,75654.6
1996-10-28,3.179,3.333,2.877,2.912,85400.84
1996-10-29,3.159,3.425,3.102,3.23,79039.34
1996-10-30,2.8560000000000003,3.205,2.82,3.159,50448.9
1996-10-31,2.928,2.9739999999999998,2.82,2.923,30280.34
1996-11-01,2.7430000000000003,2.897,2.605,2.82,39858.27
1996-11-04,2.835,2.8510000000000004,2.753,2.7939999999999996,21353.81
1996-11-05,2.779,2.907,2.718,2.8510000000000004,23356.26
1996-11-06,2.682,2.759,2.574,2.7430000000000003,24541.19
1996-11-07,2.7119999999999997,2.718,2.6660000000000004,2.6919999999999997,10078.5
1996-11-08,2.6710000000000003,2.7119999999999997,2.636,2.6919999999999997,10324.41
1996-11-11,2.738,2.7430000000000003,2.677,2.677,12218.36
1996-11-12,2.7430000000000003,2.7939999999999996,2.6660000000000004,2.718,19608.55
1996-11-13,2.7889999999999997,2.835,2.6919999999999997,2.7689999999999997,19853.51
1996-11-14,2.8819999999999997,2.943,2.7889999999999997,2.805,45941.24
1996-11-15,2.7689999999999997,2.8819999999999997,2.759,2.8510000000000004,28569.42
1996-11-18,2.969,2.969,2.718,2.7689999999999997,40391.68
1996-11-19,3.102,3.282,3.025,3.071,104503.85
1996-11-20,3.056,3.102,2.9789999999999996,3.0660000000000003,47888.57
1996-11-21,2.7230000000000003,3.102,2.718,3.056,45699.51
1996-11-22,2.738,2.759,2.63,2.6919999999999997,27238.56
1996-11-25,2.779,2.7889999999999997,2.656,2.738,24671.72
1996-11-26,2.7430000000000003,2.81,2.6710000000000003,2.784,19086.74
1996-11-27,2.7889999999999997,2.8510000000000004,2.656,2.733,18862.11
1996-11-28,2.866,2.912,2.7689999999999997,2.7889999999999997,41459.02
1996-11-29,3.051,3.102,2.8710000000000004,2.9019999999999997,89591.28
1996-12-02,3.615,3.64,3.174,3.174,188201.11
1996-12-03,3.5380000000000003,3.84,3.492,3.6919999999999997,180309.44
1996-12-04,3.753,3.7689999999999997,3.4410000000000003,3.512,94667.6
1996-12-05,3.989,4.025,3.81,3.923,172865.35
1996-12-06,3.938,3.984,3.846,3.938,84530.25
1996-12-09,3.948,4.092,3.8760000000000003,4.005,83603.74
1996-12-10,3.758,3.923,3.687,3.923,55727.37
1996-12-11,3.6919999999999997,3.82,3.63,3.738,45300.4
1996-12-12,3.43,3.717,3.3939999999999997,3.707,44603.2
1996-12-13,3.333,3.589,3.323,3.389,37284.1
1996-12-16,3.0,3.0,3.0,3.0,8973.0
1996-12-17,2.702,2.8510000000000004,2.702,2.702,29798.54
1996-12-18,2.8710000000000004,2.948,2.441,2.543,48186.31
1996-12-19,2.5839999999999996,2.866,2.5839999999999996,2.866,39844.0
1996-12-20,2.461,2.5639999999999996,2.436,2.461,21057.59
1996-12-23,2.589,2.615,2.502,2.553,16941.01
1996-12-24,2.5069999999999997,2.605,2.41,2.6,15288.0
1996-12-25,2.574,2.615,2.461,2.461,17613.52
1996-12-26,2.718,2.738,2.5789999999999997,2.615,32273.84
1996-12-27,2.6660000000000004,2.718,2.5789999999999997,2.718,21008.94
1996-12-30,2.656,2.7119999999999997,2.61,2.707,22584.63
1996-12-31,2.595,2.6919999999999997,2.5789999999999997,2.6660000000000004,18302.6
1997-01-02,2.589,2.62,2.5380000000000003,2.5639999999999996,13170.98
1997-01-03,2.553,2.615,2.543,2.615,11574.0
1997-01-06,2.477,2.512,2.471,2.471,6791.2
1997-01-07,2.574,2.5839999999999996,2.487,2.502,9098.7
1997-01-08,2.5639999999999996,2.574,2.512,2.5639999999999996,5129.1
1997-01-09,2.589,2.615,2.574,2.574,7419.2
1997-01-10,2.605,2.61,2.574,2.61,9129.1
1997-01-13,2.682,2.702,2.615,2.63,21568.35
1997-01-14,2.5639999999999996,2.677,2.548,2.677,11306.69
1997-01-15,2.595,2.615,2.5639999999999996,2.5639999999999996,5766.13
1997-01-16,2.569,2.605,2.543,2.6,5620.5
1997-01-17,2.625,2.625,2.559,2.5639999999999996,9119.02
1997-01-20,2.702,2.728,2.63,2.63,28839.66
1997-01-21,2.6460000000000004,2.7119999999999997,2.636,2.702,12526.0
1997-01-22,2.682,2.697,2.63,2.6460000000000004,12162.6
1997-01-23,2.656,2.707,2.641,2.6919999999999997,14361.65
1997-01-24,2.7230000000000003,2.728,2.63,2.687,18747.57
1997-01-27,2.7739999999999996,2.805,2.728,2.7430000000000003,35124.73
1997-01-28,2.718,2.779,2.682,2.779,15290.7
1997-01-29,2.7119999999999997,2.7430000000000003,2.6919999999999997,2.707,11390.26
1997-01-30,2.748,2.784,2.707,2.718,22204.04
1997-01-31,2.764,2.81,2.748,2.748,20394.0
1997-02-17,2.8710000000000004,2.907,2.764,2.8,26885.87
1997-02-18,2.63,3.015,2.5839999999999996,2.841,54811.81
1997-02-19,2.892,2.892,2.6660000000000004,2.707,50469.44
1997-02-20,3.153,3.1689999999999996,2.605,2.605,139897.13
1997-02-21,3.2560000000000002,3.2710000000000004,3.03,3.03,128862.34
1997-02-24,3.1180000000000003,3.302,3.076,3.282,60313.84
1997-02-25,3.1180000000000003,3.2510000000000003,3.051,3.1180000000000003,42605.3
1997-02-26,3.123,3.153,3.0660000000000003,3.1180000000000003,26688.0
1997-02-27,3.0410000000000004,3.153,2.9789999999999996,3.133,37681.2
1997-02-28,3.2,3.22,3.025,3.035,44705.6
1997-03-03,3.194,3.225,3.1180000000000003,3.2,35116.03
1997-03-04,3.241,3.2560000000000002,3.112,3.179,50917.48
1997-03-05,3.153,3.3169999999999997,3.128,3.241,38527.65
1997-03-06,3.307,3.323,3.128,3.174,81078.86
1997-03-07,3.21,3.333,3.1689999999999996,3.312,42634.69
1997-03-10,3.194,3.307,3.1689999999999996,3.307,25262.7
1997-03-11,3.1839999999999997,3.23,3.128,3.194,30719.27
1997-03-12,3.2560000000000002,3.307,3.153,3.1889999999999996,48331.52
1997-03-13,3.2560000000000002,3.333,3.205,3.307,51678.48
1997-03-14,3.266,3.307,3.1430000000000002,3.2560000000000002,38669.14
1997-03-17,3.569,3.589,3.3689999999999998,3.3739999999999997,131297.85
1997-03-18,3.4819999999999998,3.6710000000000003,3.435,3.569,106855.33
1997-03-19,3.4560000000000004,3.5580000000000003,3.389,3.497,41375.23
1997-03-20,3.435,3.62,3.3939999999999997,3.446,53627.3
1997-03-21,3.7689999999999997,3.7689999999999997,3.435,3.4610000000000003,84803.63
1997-03-24,3.656,3.9739999999999998,3.63,3.82,61231.5
1997-03-25,3.897,3.943,3.63,3.6919999999999997,74061.54
1997-03-26,4.143,4.194,3.7739999999999996,3.897,141983.02
1997-03-27,4.1530000000000005,4.3069999999999995,4.025,4.128,121175.72
1997-03-28,4.04,4.256,3.989,4.102,60361.59
1997-03-31,4.312,4.445,4.102,4.102,101603.19
1997-04-01,4.22,4.3069999999999995,4.184,4.3069999999999995,29993.21
1997-04-02,4.256,4.3580000000000005,4.178999999999999,4.22,31114.25
1997-04-03,4.61,4.61,4.112,4.256,67515.59
1997-04-04,4.5889999999999995,4.62,4.399,4.502,68233.75
1997-04-07,4.502,4.692,4.461,4.553,40337.39
1997-04-08,4.599,4.604,4.425,4.502,54460.3
1997-04-09,4.584,4.794,4.569,4.769,99868.7
1997-04-10,4.615,4.615,4.363,4.563,95496.36
1997-04-11,4.779,4.779,4.435,4.558,83720.92
1997-04-14,5.025,5.107,4.82,4.82,95592.2
1997-04-15,4.922,5.061,4.861000000000001,5.02,96352.95
1997-04-16,5.112,5.122000000000001,4.922,4.922,61667.71
1997-04-17,5.153,5.162999999999999,5.035,5.071000000000001,48703.78
1997-04-18,5.281000000000001,5.3839999999999995,5.0760000000000005,5.271,58872.16
1997-04-21,5.358,5.409,5.261,5.322,42868.99
1997-04-22,5.5889999999999995,5.5889999999999995,5.281000000000001,5.532,50156.32
1997-04-23,5.691,5.742999999999999,5.435,5.666,72923.39
1997-04-24,5.527,5.845,5.394,5.537999999999999,108712.73
1997-04-25,5.5120000000000005,5.63,5.374,5.379,65977.9
1997-04-28,5.63,5.835,5.537999999999999,5.5889999999999995,89291.31
1997-04-29,5.537999999999999,6.05,5.358,6.05,36069.6
1997-04-30,5.481,5.563,5.409,5.486000000000001,35810.1
1997-05-05,5.517,5.63,5.425,5.5120000000000005,59276.63
1997-05-06,5.845,5.943,5.486000000000001,5.486000000000001,87726.58
1997-05-07,5.537999999999999,6.05,5.425,6.045,77977.28
1997-05-08,5.127000000000001,5.481,4.984,5.461,86653.14
1997-05-09,5.271,5.337999999999999,5.102,5.153,47882.3
1997-05-12,5.167999999999999,5.332999999999999,5.066,5.23,81065.05
1997-05-13,4.968,5.23,4.912,5.23,68950.86
1997-05-14,4.974,5.194,4.845,4.974,31497.76
1997-05-15,5.045,5.127000000000001,4.851,4.974,26018.3
1997-05-16,4.543,4.953,4.543,4.543,21805.0
1997-05-19,4.548,4.738,4.4510000000000005,4.6610000000000005,10992.4
1997-05-20,4.522,4.743,4.512,4.563,27441.61
1997-05-21,4.41,4.692,4.369,4.563,25592.88
1997-05-22,3.969,4.205,3.969,3.9989999999999997,19691.0
1997-05-23,3.948,4.005,3.846,3.846,13614.65
1997-05-26,3.866,3.9989999999999997,3.717,3.948,13955.0
1997-05-27,4.066,4.0760000000000005,3.846,3.897,20653.8
1997-05-28,3.984,4.066,3.923,4.056,10672.2
1997-05-29,3.9989999999999997,4.194,3.9989999999999997,4.02,24724.0
1997-06-02,4.22,4.271,4.102,4.205,20997.17
1997-06-03,4.584,4.64,4.128,4.1530000000000005,37263.68
1997-06-04,4.466,4.615,4.41,4.579,21655.65
1997-06-05,4.625,4.635,4.41,4.4510000000000005,23063.91
1997-06-06,4.897,4.922,4.22,4.3580000000000005,122982.73
1997-06-09,4.815,5.025,4.692,4.897,52242.75
1997-06-10,4.399,4.886,4.333,4.845,38803.63
1997-06-11,4.256,4.497,4.01,4.399,27690.9
1997-06-12,4.205,4.328,4.143,4.256,13456.8
1997-06-13,4.3069999999999995,4.3580000000000005,4.02,4.025,20263.4
1997-06-16,4.328,4.5280000000000005,4.312,4.394,23149.78
1997-06-17,4.205,4.3839999999999995,4.199,4.317,15579.0
1997-06-18,4.215,4.41,4.178999999999999,4.399,7835.0
1997-06-19,4.21,4.3580000000000005,4.205,4.23,8838.5
1997-06-20,4.435,4.512,4.256,4.256,19946.23
1997-06-23,4.276,4.563,4.22,4.512,23265.35
1997-06-24,4.203,4.356,4.11,4.276,12537.01
1997-06-25,4.0489999999999995,4.258,4.0,4.215,15588.42
1997-06-26,3.9930000000000003,4.172,3.969,4.092,13716.8
1997-06-27,3.71,4.03,3.6919999999999997,3.9930000000000003,18575.1
1997-07-02,3.378,3.784,3.341,3.76,14807.19
1997-07-03,3.2,3.384,3.095,3.384,13021.5
1997-07-04,3.2739999999999996,3.31,3.1260000000000003,3.138,9701.76
1997-07-07,3.015,3.304,2.9539999999999997,3.261,9365.92
1997-07-08,3.077,3.1069999999999998,2.91,3.015,9839.33
1997-07-09,3.015,3.1069999999999998,3.003,3.077,9615.78
1997-07-10,3.286,3.298,3.0460000000000003,3.052,22102.73
1997-07-11,3.378,3.384,3.2,3.255,17437.66
1997-07-14,3.409,3.4330000000000003,3.267,3.384,17907.26
1997-07-15,3.298,3.384,3.2489999999999997,3.384,19408.74
1997-07-16,3.347,3.5260000000000002,3.323,3.323,26329.01
1997-07-17,3.2739999999999996,3.353,3.2,3.353,18586.59
1997-07-18,3.304,3.372,3.2239999999999998,3.292,21645.1
1997-07-21,3.323,3.446,3.292,3.372,20047.97
1997-07-22,3.3289999999999997,3.347,3.194,3.292,15328.83
1997-07-23,3.5260000000000002,3.63,3.384,3.384,54703.72
1997-07-24,3.557,3.6060000000000003,3.446,3.47,36408.6
1997-07-25,3.741,3.784,3.477,3.513,72395.94
1997-07-28,3.833,3.926,3.76,3.778,85209.31
1997-07-29,3.6860000000000004,3.877,3.6,3.864,42193.06
1997-07-30,3.803,3.815,3.63,3.667,29266.64
1997-07-31,3.79,3.87,3.71,3.815,21633.33
1997-08-01,3.864,3.944,3.821,3.84,39260.41
1997-08-04,3.9010000000000002,3.969,3.753,3.9010000000000002,22296.89
1997-08-05,3.784,3.9010000000000002,3.753,3.9010000000000002,17884.02
1997-08-06,3.717,3.815,3.6919999999999997,3.753,12940.52
1997-08-07,3.846,3.864,3.661,3.7039999999999997,19139.07
1997-08-08,3.969,4.11,3.821,3.877,73538.53
1997-08-11,3.944,4.11,3.926,4.0,29360.52
1997-08-12,3.753,3.987,3.698,3.938,20872.95
1997-08-13,3.661,3.815,3.6180000000000003,3.735,17615.0
1997-08-14,3.803,3.803,3.68,3.6919999999999997,16642.22
1997-08-15,3.6180000000000003,3.846,3.5380000000000003,3.815,20321.78
1997-08-18,3.55,3.569,3.4210000000000003,3.5069999999999997,10957.24
1997-08-19,3.458,3.6,3.458,3.557,5876.8
1997-08-20,3.495,3.557,3.446,3.557,5441.26
1997-08-21,3.661,3.6919999999999997,3.5069999999999997,3.5069999999999997,8021.43
1997-08-22,3.5810000000000004,3.661,3.575,3.63,8836.07
1997-08-25,3.753,3.766,3.5869999999999997,3.5869999999999997,13904.32
1997-08-26,3.6430000000000002,3.753,3.6180000000000003,3.753,12379.08
1997-08-27,3.71,3.741,3.661,3.6919999999999997,10417.38
1997-08-28,4.012,4.08,3.753,3.753,57850.01
1997-08-29,3.877,4.0360000000000005,3.84,4.0,34559.02
1997-09-01,4.0360000000000005,4.0489999999999995,3.883,3.932,38839.92
1997-09-02,3.944,4.098,3.864,4.08,24770.9
1997-09-03,3.932,3.944,3.864,3.877,17044.85
1997-09-04,3.895,3.975,3.846,3.944,17565.84
1997-09-05,3.944,3.95,3.821,3.877,16332.01
1997-09-08,4.104,4.1530000000000005,3.877,3.938,55521.26
1997-09-09,3.92,4.178,3.907,4.123,30030.46
1997-09-10,4.301,4.3069999999999995,3.889,3.889,65006.63
1997-09-11,4.08,4.406000000000001,4.0,4.3069999999999995,76760.86
1997-09-12,3.907,4.209,3.877,4.08,36901.09
1997-09-15,3.926,4.012,3.877,3.944,24052.67
1997-09-16,4.012,4.086,3.969,3.969,21414.7
1997-09-17,3.766,4.043,3.7230000000000003,4.043,17474.6
1997-09-18,3.784,3.833,3.735,3.766,10966.38
1997-09-19,3.864,3.877,3.71,3.846,11325.72
1997-09-22,3.5069999999999997,3.852,3.477,3.852,19213.2
1997-09-23,3.2119999999999997,3.6060000000000003,3.157,3.4210000000000003,17397.89
1997-09-24,3.4210000000000003,3.446,3.2739999999999996,3.384,19195.1
1997-09-25,3.495,3.5380000000000003,3.384,3.5380000000000003,19035.24
1997-09-26,3.464,3.5260000000000002,3.384,3.5069999999999997,11002.06
1997-09-29,3.31,3.4330000000000003,3.292,3.4330000000000003,8265.14
1997-09-30,3.323,3.378,3.286,3.298,5844.82
1997-10-06,3.31,3.353,3.292,3.3169999999999997,3092.01
1997-10-07,3.372,3.372,3.2739999999999996,3.31,2860.46
1997-10-08,3.513,3.5810000000000004,3.403,3.446,6910.69
1997-10-09,3.47,3.569,3.446,3.495,5112.6
1997-10-10,3.5380000000000003,3.569,3.446,3.47,5689.06
1997-10-13,3.458,3.593,3.4330000000000003,3.569,4267.2
1997-10-14,3.464,3.495,3.372,3.427,4388.2
1997-10-15,3.452,3.5010000000000003,3.397,3.5010000000000003,4257.02
1997-10-16,3.477,3.5380000000000003,3.403,3.452,8443.84
1997-10-17,3.5069999999999997,3.5380000000000003,3.403,3.446,13726.16
1997-10-20,3.5439999999999996,3.5810000000000004,3.458,3.495,12033.9
1997-10-21,3.637,3.68,3.5010000000000003,3.569,14454.79
1997-10-22,3.458,3.655,3.4330000000000003,3.6239999999999997,13236.06
1997-10-23,3.409,3.5260000000000002,3.384,3.5069999999999997,12923.51
1997-10-24,3.403,3.446,3.31,3.409,15936.44
1997-10-27,3.5380000000000003,3.5380000000000003,3.36,3.403,18190.92
1997-10-28,3.353,3.5869999999999997,3.347,3.569,16887.4
1997-10-29,3.335,3.397,3.292,3.31,13089.58
1997-10-30,3.298,3.477,3.292,3.372,14266.2
1997-10-31,3.5010000000000003,3.52,3.292,3.3169999999999997,17751.97
1997-11-03,3.427,3.5380000000000003,3.415,3.495,7965.4
1997-11-04,3.384,3.477,3.384,3.427,5958.65
1997-11-05,3.378,3.415,3.323,3.397,8120.58
1997-11-06,3.335,3.403,3.323,3.39,9952.35
1997-11-07,3.409,3.4330000000000003,3.323,3.323,7687.15
1997-11-10,3.347,3.477,3.323,3.4330000000000003,9830.4
1997-11-11,3.384,3.397,3.323,3.323,6835.6
1997-11-12,3.409,3.5380000000000003,3.384,3.4330000000000003,15938.12
1997-11-13,3.4210000000000003,3.44,3.3169999999999997,3.4330000000000003,8001.17
1997-11-14,3.661,3.753,3.446,3.446,87120.4
1997-11-17,3.637,3.735,3.6,3.735,33233.52
1997-11-18,3.717,3.79,3.6,3.6060000000000003,21462.9
1997-11-19,3.63,3.7969999999999997,3.6060000000000003,3.7289999999999996,23314.59
1997-11-20,3.6430000000000002,3.71,3.6180000000000003,3.6239999999999997,18075.4
1997-11-21,3.5069999999999997,3.661,3.495,3.6180000000000003,15579.4
1997-11-24,3.6430000000000002,3.6860000000000004,3.5380000000000003,3.5380000000000003,25095.04
1997-11-25,3.6060000000000003,3.661,3.55,3.637,9478.18
1997-11-26,3.741,3.747,3.6180000000000003,3.673,24331.89
1997-11-27,3.741,3.846,3.698,3.815,42529.77
1997-11-28,3.92,3.932,3.741,3.747,52717.84
1997-12-01,3.846,3.938,3.821,3.932,18877.08
1997-12-02,3.7230000000000003,3.87,3.698,3.846,15544.21
1997-12-03,3.6180000000000003,3.717,3.6,3.71,13113.45
1997-12-04,3.612,3.667,3.569,3.6,10743.86
1997-12-05,3.563,3.6430000000000002,3.557,3.63,13164.0
1997-12-08,3.489,3.63,3.458,3.569,13412.28
1997-12-09,3.5069999999999997,3.5380000000000003,3.452,3.5069999999999997,14626.33
1997-12-10,3.477,3.52,3.4210000000000003,3.52,19867.67
1997-12-11,3.47,3.55,3.446,3.47,30732.22
1997-12-12,3.457,3.5469999999999997,3.45,3.498,11148.0
1997-12-15,3.3739999999999997,3.45,3.346,3.45,9518.05
1997-12-16,3.36,3.395,3.325,3.388,6420.19
1997-12-17,3.2560000000000002,3.353,3.2489999999999997,3.346,9525.36
1997-12-18,3.318,3.36,3.242,3.242,6258.56
1997-12-19,3.2769999999999997,3.318,3.228,3.3110000000000004,8094.55
1997-12-22,3.1519999999999997,3.3110000000000004,3.1239999999999997,3.2769999999999997,10398.65
1997-12-23,3.173,3.228,3.117,3.117,9928.59
1997-12-24,3.1239999999999997,3.187,3.048,3.173,12432.51
1997-12-25,3.187,3.221,3.1239999999999997,3.138,11783.91
1997-12-26,3.235,3.284,3.194,3.194,8551.0
1997-12-29,3.208,3.2560000000000002,3.173,3.235,10377.85
1997-12-30,3.1239999999999997,3.228,3.117,3.208,6664.65
1997-12-31,3.18,3.221,3.138,3.173,4972.88
1998-01-05,3.194,3.235,3.18,3.194,7960.8
1998-01-06,3.263,3.27,3.187,3.221,10003.81
1998-01-07,3.3739999999999997,3.4360000000000004,3.242,3.2910000000000004,20321.59
1998-01-08,3.284,3.45,3.2560000000000002,3.36,10890.73
1998-01-09,3.235,3.298,3.18,3.2560000000000002,10659.36
1998-01-12,3.18,3.221,3.159,3.221,15815.75
1998-01-13,2.951,3.1519999999999997,2.861,3.1519999999999997,18192.07
1998-01-14,3.069,3.111,2.951,2.951,14462.92
1998-01-15,3.201,3.228,3.0410000000000004,3.083,15602.18
1998-01-16,3.09,3.173,3.09,3.1660000000000004,7775.29
1998-01-19,3.02,3.069,2.9930000000000003,3.048,7327.51
1998-01-20,3.083,3.1310000000000002,2.972,3.048,9432.81
1998-01-21,3.034,3.069,3.02,3.069,4758.42
1998-01-22,3.02,3.048,2.9789999999999996,3.034,5712.57
1998-01-23,3.034,3.076,2.9789999999999996,3.014,5643.3
1998-02-09,3.145,3.173,3.076,3.076,9090.71
1998-02-10,3.194,3.2560000000000002,3.117,3.145,13802.6
1998-02-11,3.201,3.221,3.1519999999999997,3.201,10741.24
1998-02-12,3.194,3.2560000000000002,3.1519999999999997,3.228,14589.03
1998-02-13,3.138,3.221,3.117,3.194,7914.05
1998-02-16,3.083,3.138,3.062,3.138,8619.04
1998-02-17,3.1039999999999996,3.1239999999999997,3.062,3.076,5580.73
1998-02-18,3.187,3.187,3.083,3.083,9512.41
1998-02-19,3.145,3.221,3.1310000000000002,3.194,6857.68
1998-02-20,3.09,3.173,3.076,3.1519999999999997,6891.34
1998-02-23,3.062,3.09,3.034,3.062,7651.59
1998-02-24,3.069,3.1039999999999996,3.034,3.062,4414.59
1998-02-25,3.083,3.138,3.055,3.069,5039.48
1998-02-26,3.048,3.083,3.034,3.083,6490.04
1998-02-27,3.048,3.111,3.034,3.048,3872.9
1998-03-02,3.034,3.083,2.965,3.034,7951.65
1998-03-03,3.1039999999999996,3.111,3.034,3.034,7201.92
1998-03-04,3.1660000000000004,3.214,3.1039999999999996,3.117,16539.12
1998-03-05,3.1239999999999997,3.187,3.117,3.1660000000000004,5964.06
1998-03-06,3.194,3.214,3.1239999999999997,3.1310000000000002,15496.79
1998-03-09,3.298,3.318,3.221,3.221,36677.34
1998-03-10,3.221,3.2910000000000004,3.187,3.2910000000000004,11434.71
1998-03-11,3.138,3.221,3.117,3.214,9699.66
1998-03-12,3.09,3.1310000000000002,3.076,3.1039999999999996,5518.37
1998-03-13,3.117,3.117,3.062,3.09,4647.9
1998-03-16,3.083,3.1519999999999997,3.048,3.1239999999999997,5418.9
1998-03-17,3.117,3.117,3.062,3.1039999999999996,5039.96
1998-03-18,3.076,3.117,3.062,3.117,4940.89
1998-03-19,3.1310000000000002,3.187,3.069,3.083,5474.88
1998-03-20,3.214,3.2489999999999997,3.117,3.117,18298.35
1998-03-23,3.2489999999999997,3.27,3.208,3.221,20858.77
1998-03-24,3.194,3.284,3.187,3.263,10937.24
1998-03-25,3.145,3.2560000000000002,3.117,3.2560000000000002,11621.33
1998-03-26,3.2560000000000002,3.318,3.117,3.117,25694.03
1998-03-27,3.457,3.498,3.2560000000000002,3.2560000000000002,81026.7
1998-03-30,3.5260000000000002,3.741,3.464,3.478,64417.14
1998-03-31,3.478,3.54,3.4019999999999997,3.5260000000000002,29347.53
1998-04-01,3.595,3.595,3.464,3.464,24934.63
1998-04-02,3.5610000000000004,3.6510000000000002,3.54,3.623,34790.17
1998-04-03,3.575,3.602,3.415,3.533,28792.55
1998-04-06,3.616,3.7060000000000004,3.533,3.589,42169.83
1998-04-07,3.575,3.665,3.54,3.623,24967.19
1998-04-08,3.713,3.713,3.498,3.5610000000000004,48477.52
1998-04-09,3.6439999999999997,3.845,3.595,3.741,60344.66
1998-04-10,3.602,3.658,3.533,3.6439999999999997,24415.12
1998-04-13,3.492,3.595,3.464,3.595,23043.0
1998-04-14,3.45,3.478,3.429,3.464,15438.33
1998-04-15,3.5469999999999997,3.568,3.464,3.478,13091.34
1998-04-16,3.471,3.5469999999999997,3.457,3.5260000000000002,12694.44
1998-04-17,3.533,3.616,3.498,3.616,18203.65
1998-04-20,3.5260000000000002,3.533,3.395,3.533,17354.81
1998-04-21,3.478,3.568,3.443,3.533,12033.88
1998-04-22,3.762,3.803,3.471,3.498,61215.25
1998-04-23,3.637,3.7889999999999997,3.623,3.7889999999999997,25036.65
1998-04-24,3.533,3.7060000000000004,3.5189999999999997,3.637,20193.47
1998-04-27,3.505,3.637,3.492,3.5469999999999997,12881.39
1998-04-28,3.5610000000000004,3.568,3.464,3.5189999999999997,16198.03
1998-04-29,3.512,3.575,3.471,3.575,14531.1
1998-04-30,3.5189999999999997,3.5610000000000004,3.478,3.5189999999999997,13653.51
1998-05-04,3.485,3.5610000000000004,3.464,3.5610000000000004,15072.11
1998-05-05,3.478,3.554,3.464,3.471,11288.93
1998-05-06,3.45,3.512,3.4219999999999997,3.478,15812.91
1998-05-07,3.353,3.471,3.332,3.45,16377.51
1998-05-08,3.4360000000000004,3.4360000000000004,3.325,3.332,15453.92
1998-05-11,3.395,3.492,3.3739999999999997,3.4360000000000004,18786.0
1998-05-12,3.464,3.5260000000000002,3.395,3.395,13811.06
1998-05-13,3.5189999999999997,3.5189999999999997,3.429,3.464,19246.23
1998-05-14,3.471,3.5469999999999997,3.457,3.5189999999999997,14927.2
1998-05-15,3.4219999999999997,3.498,3.408,3.478,10792.15
1998-05-18,3.4019999999999997,3.457,3.3810000000000002,3.45,8054.14
1998-05-19,3.367,3.4019999999999997,3.339,3.388,7172.95
1998-05-20,3.2910000000000004,3.395,3.2910000000000004,3.395,10152.22
1998-05-21,3.325,3.346,3.2560000000000002,3.2910000000000004,8889.29
1998-05-22,3.353,3.395,3.325,3.325,9465.35
1998-05-25,3.464,3.505,3.353,3.353,21626.89
1998-05-26,3.5260000000000002,3.5610000000000004,3.415,3.498,25305.83
1998-05-27,3.623,3.6919999999999997,3.533,3.533,48974.6
1998-05-29,3.498,3.658,3.464,3.658,20754.78
1998-06-01,3.533,3.637,3.478,3.485,21446.91
1998-06-02,3.498,3.589,3.208,3.554,14697.42
1998-06-03,3.7060000000000004,3.7760000000000002,3.505,3.533,60378.07
1998-06-04,3.623,3.7689999999999997,3.5469999999999997,3.7060000000000004,39991.28
1998-06-05,3.582,3.679,3.5189999999999997,3.63,21409.55
1998-06-08,3.582,3.6719999999999997,3.5469999999999997,3.589,15060.24
1998-06-09,3.4219999999999997,3.616,3.3810000000000002,3.589,20636.31
1998-06-10,3.3810000000000002,3.457,3.367,3.3810000000000002,11769.99
1998-06-11,3.388,3.464,3.353,3.395,7938.33
1998-06-12,3.5469999999999997,3.582,3.429,3.505,17698.94
1998-06-15,3.478,3.582,3.464,3.582,9195.48
1998-06-16,3.4360000000000004,3.457,3.36,3.45,8232.75
1998-06-17,3.45,3.5189999999999997,3.395,3.443,7447.03
1998-06-18,3.498,3.533,3.4360000000000004,3.464,9421.77
1998-06-19,3.443,3.5189999999999997,3.408,3.5189999999999997,10707.11
1998-06-22,3.408,3.471,3.3810000000000002,3.464,13698.57
1998-06-23,3.395,3.429,3.36,3.429,9544.34
1998-06-24,3.429,3.485,3.3810000000000002,3.4019999999999997,8025.19
1998-06-25,3.346,3.45,3.325,3.4360000000000004,11213.8
1998-06-26,3.36,3.3810000000000002,3.332,3.346,5957.16
1998-06-29,3.4360000000000004,3.512,3.0410000000000004,3.367,20994.54
1998-06-30,3.3810000000000002,3.485,3.36,3.464,5347.88
1998-07-01,3.3110000000000004,3.464,3.305,3.464,5639.55
1998-07-02,3.298,3.339,3.2489999999999997,3.325,6448.81
1998-07-03,3.332,3.443,3.27,3.332,7092.37
1998-07-06,3.325,3.4360000000000004,3.305,3.429,6003.1
1998-07-07,3.298,3.339,3.27,3.305,4923.35
1998-07-08,3.325,3.353,3.298,3.3110000000000004,2649.15
1998-07-09,3.3110000000000004,3.3739999999999997,3.2910000000000004,3.339,4100.19
1998-07-10,3.346,3.36,3.305,3.318,6354.56
1998-07-13,3.346,3.3739999999999997,3.3110000000000004,3.3110000000000004,4395.88
1998-07-14,3.27,3.36,3.2560000000000002,3.36,5443.8
1998-07-15,3.2769999999999997,3.339,3.242,3.2560000000000002,5091.35
1998-07-16,3.2489999999999997,3.36,3.221,3.3110000000000004,6725.59
1998-07-17,3.187,3.27,3.173,3.2560000000000002,8958.62
1998-07-20,3.083,3.173,3.055,3.173,9265.0
1998-07-21,3.145,3.1660000000000004,3.083,3.083,4931.95
1998-07-22,3.1039999999999996,3.1660000000000004,3.09,3.145,3676.19
1998-07-23,3.235,3.242,3.1039999999999996,3.117,5081.95
1998-07-24,3.194,3.2769999999999997,3.187,3.208,5386.12
1998-07-27,3.194,3.263,3.145,3.263,2883.44
1998-07-28,3.18,3.208,3.145,3.201,2828.0
1998-07-29,3.173,3.242,3.159,3.187,2963.6
1998-07-30,3.187,3.228,3.1660000000000004,3.173,2748.52
1998-07-31,3.18,3.2489999999999997,3.159,3.201,2857.46
1998-08-03,3.145,3.194,3.1239999999999997,3.187,3504.11
1998-08-04,3.097,3.138,3.076,3.138,4602.07
1998-08-05,3.173,3.187,3.097,3.097,2626.02
1998-08-06,3.111,3.187,3.083,3.187,3303.55
1998-08-07,3.18,3.208,3.1039999999999996,3.111,6990.07
1998-08-10,3.2560000000000002,3.2910000000000004,3.187,3.228,15959.71
1998-08-11,3.117,3.27,3.117,3.2560000000000002,5300.0
1998-08-12,3.09,3.1310000000000002,2.9930000000000003,3.117,6597.84
1998-08-13,3.09,3.1310000000000002,2.792,3.09,5427.45
1998-08-14,2.944,3.09,2.937,3.09,7573.0
1998-08-17,2.653,2.875,2.653,2.84,7207.5
1998-08-18,2.6460000000000004,2.75,2.549,2.6189999999999998,5532.55
1998-08-19,2.7569999999999997,2.764,2.6460000000000004,2.6460000000000004,5160.44
1998-08-20,2.813,2.813,2.716,2.785,5519.45
1998-08-21,2.84,2.84,2.7710000000000004,2.7710000000000004,5655.58
1998-08-24,2.8539999999999996,2.889,2.792,2.84,6903.08
1998-08-25,2.875,2.875,2.806,2.8539999999999996,3530.34
1998-08-26,2.84,2.965,2.84,2.944,3119.01
1998-08-27,2.7710000000000004,2.827,2.7710000000000004,2.827,4342.34
1998-08-28,2.736,2.806,2.736,2.7710000000000004,3118.35
1998-08-31,2.7710000000000004,2.806,2.556,2.716,5568.74
1998-09-01,2.944,3.048,2.667,2.7569999999999997,22515.31
1998-09-02,2.833,2.93,2.7710000000000004,2.917,7796.73
1998-09-03,2.827,2.8819999999999997,2.806,2.84,4321.99
1998-09-04,2.847,2.875,2.82,2.847,3717.59
1998-09-07,2.875,2.917,2.806,2.847,5521.5
1998-09-08,2.813,2.8960000000000004,2.806,2.8819999999999997,5478.81
1998-09-09,2.861,2.861,2.806,2.813,3214.96
1998-09-10,2.8819999999999997,2.903,2.833,2.861,7413.69
1998-09-11,2.924,2.951,2.861,2.903,9135.69
1998-09-14,2.965,2.9789999999999996,2.917,2.9789999999999996,11262.71
1998-09-15,2.951,3.0069999999999997,2.917,2.965,10168.63
1998-09-16,3.069,3.117,2.924,2.944,18532.36
1998-09-17,2.972,3.1239999999999997,2.965,3.1039999999999996,12954.99
1998-09-18,3.02,3.083,2.91,2.965,19268.69
1998-09-21,3.18,3.214,2.9930000000000003,3.034,32675.8
1998-09-22,3.298,3.346,3.194,3.221,49605.5
1998-09-23,3.284,3.332,3.228,3.2910000000000004,21721.55
1998-09-24,3.145,3.298,3.145,3.263,14158.8
1998-09-25,3.4219999999999997,3.429,3.097,3.1039999999999996,29435.11
1998-09-28,3.4360000000000004,3.498,3.367,3.429,37223.38
1998-09-29,3.4219999999999997,3.45,3.318,3.4360000000000004,16623.4
1998-09-30,3.4219999999999997,3.464,3.36,3.395,12158.51
1998-10-05,3.346,3.45,3.318,3.3810000000000002,10970.56
1998-10-06,3.242,3.339,3.208,3.332,12035.53
1998-10-07,3.2560000000000002,3.2910000000000004,3.221,3.242,7861.8
1998-10-08,3.27,3.298,3.214,3.298,10018.32
1998-10-09,3.45,3.464,3.298,3.3110000000000004,31824.13
1998-10-12,3.554,3.582,3.464,3.464,45611.34
1998-10-13,3.443,3.568,3.429,3.568,22583.72
1998-10-14,3.464,3.464,3.3810000000000002,3.4360000000000004,9156.36
1998-10-15,3.415,3.5189999999999997,3.408,3.464,15082.0
1998-10-16,3.3739999999999997,3.457,3.339,3.4360000000000004,13847.78
1998-10-19,3.325,3.395,3.2910000000000004,3.3810000000000002,11133.39
1998-10-20,3.388,3.4360000000000004,3.2910000000000004,3.325,9474.02
1998-10-21,3.242,3.4219999999999997,3.221,3.325,14743.81
1998-10-22,3.318,3.3810000000000002,3.201,3.242,14615.26
1998-10-23,3.415,3.5189999999999997,3.2910000000000004,3.2910000000000004,24515.19
1998-10-26,3.512,3.589,3.429,3.429,38644.95
1998-10-27,3.5189999999999997,3.5610000000000004,3.478,3.512,21619.98
1998-10-28,3.589,3.6510000000000002,3.505,3.5189999999999997,35894.39
1998-10-29,3.498,3.637,3.498,3.589,19002.36
1998-10-30,3.533,3.568,3.498,3.498,15454.62
1998-11-02,3.575,3.637,3.533,3.533,20162.08
1998-11-03,3.505,3.602,3.505,3.582,13359.94
1998-11-04,3.5189999999999997,3.602,3.512,3.533,8588.79
1998-11-05,3.5189999999999997,3.5469999999999997,3.492,3.533,14140.88
1998-11-06,3.602,3.6719999999999997,3.512,3.54,42961.81
1998-11-09,3.623,3.699,3.602,3.6439999999999997,26447.82
1998-11-10,3.582,3.6510000000000002,3.575,3.6510000000000002,17372.45
1998-11-11,3.5469999999999997,3.637,3.533,3.609,13189.86
1998-11-12,3.54,3.616,3.5260000000000002,3.568,19068.58
1998-11-13,3.595,3.6860000000000004,3.5260000000000002,3.5469999999999997,16542.03
1998-11-16,3.575,3.658,3.554,3.6510000000000002,14625.37
1998-11-17,3.866,3.88,3.568,3.595,68871.31
1998-11-18,3.873,4.004,3.7689999999999997,3.845,110286.69
1998-11-19,3.755,3.9,3.755,3.873,34073.34
1998-11-20,3.762,3.824,3.741,3.748,15940.27
1998-11-23,3.859,3.949,3.783,3.81,31976.45
1998-11-24,3.783,3.9139999999999997,3.762,3.866,22605.79
1998-11-25,3.713,3.845,3.713,3.81,16669.83
1998-11-26,3.658,3.755,3.637,3.713,15938.54
1998-11-27,3.637,3.72,3.602,3.6719999999999997,18200.25
1998-11-30,3.589,3.6719999999999997,3.575,3.637,16213.61
1998-12-01,3.595,3.6860000000000004,3.582,3.602,15631.12
1998-12-02,3.658,3.658,3.575,3.637,9538.85
1998-12-03,3.575,3.6719999999999997,3.575,3.6719999999999997,6363.09
1998-12-04,3.3810000000000002,3.602,3.367,3.575,21740.75
1998-12-07,3.325,3.464,3.3110000000000004,3.4360000000000004,8342.0
1998-12-08,3.457,3.457,3.325,3.325,6361.76
1998-12-09,3.464,3.492,3.395,3.429,4521.47
1998-12-10,3.367,3.485,3.346,3.464,3658.27
1998-12-11,3.395,3.415,3.2910000000000004,3.36,7163.51
1998-12-14,3.2910000000000004,3.4360000000000004,3.2560000000000002,3.4019999999999997,6088.0
1998-12-15,3.305,3.346,3.1660000000000004,3.325,7464.38
1998-12-16,3.284,3.353,3.27,3.325,3385.75
1998-12-17,3.194,3.2910000000000004,3.173,3.2560000000000002,4889.73
1998-12-18,3.221,3.325,3.187,3.194,3421.12
1998-12-21,3.2910000000000004,3.298,3.242,3.27,5591.77
1998-12-22,3.339,3.339,3.27,3.2910000000000004,3894.35
1998-12-23,3.2560000000000002,3.36,3.242,3.36,3492.72
1998-12-24,3.221,3.27,3.201,3.2560000000000002,4188.29
1998-12-25,3.2560000000000002,3.2769999999999997,3.201,3.235,2998.44
1998-12-28,3.1519999999999997,3.2560000000000002,3.138,3.2560000000000002,6095.0
1998-12-29,3.1039999999999996,3.173,3.076,3.1519999999999997,6465.08
1998-12-30,3.145,3.1660000000000004,3.048,3.1039999999999996,3311.05
1998-12-31,3.111,3.173,3.111,3.138,4522.0
1999-01-04,3.09,3.138,3.09,3.09,1648.75
1999-01-05,3.1039999999999996,3.1310000000000002,3.0410000000000004,3.09,3172.81
1999-01-06,3.138,3.1519999999999997,3.097,3.097,1950.44
1999-01-07,3.187,3.221,3.1039999999999996,3.117,3589.76
1999-01-08,3.263,3.27,3.173,3.187,4078.15
1999-01-11,3.2910000000000004,3.298,3.242,3.2560000000000002,4050.12
1999-01-12,3.201,3.2910000000000004,3.194,3.284,2993.0
1999-01-13,3.214,3.242,3.1310000000000002,3.1310000000000002,5004.46
1999-01-14,3.173,3.194,3.1310000000000002,3.138,2757.28
1999-01-15,3.187,3.208,3.1310000000000002,3.1519999999999997,2726.99
1999-01-18,3.18,3.194,3.0410000000000004,3.173,4318.19
1999-01-19,3.1660000000000004,3.173,3.117,3.173,3679.37
1999-01-20,3.1039999999999996,3.159,3.097,3.159,3259.0
1999-01-21,3.187,3.187,3.048,3.117,8461.37
1999-01-22,3.3110000000000004,3.367,3.159,3.194,17284.93
1999-01-25,3.2560000000000002,3.367,3.2560000000000002,3.332,18488.02
1999-01-26,3.208,3.284,3.187,3.263,5967.08
1999-01-27,3.235,3.2560000000000002,3.1660000000000004,3.187,5831.49
1999-01-28,3.1519999999999997,3.235,3.145,3.235,4140.25
1999-01-29,3.1519999999999997,3.208,3.1039999999999996,3.145,4125.51
1999-02-01,3.1310000000000002,3.194,3.1039999999999996,3.117,2846.33
1999-02-02,3.097,3.1310000000000002,3.069,3.1239999999999997,5147.4
1999-02-03,3.062,3.1039999999999996,3.0410000000000004,3.097,3162.17
1999-02-04,3.111,3.117,3.048,3.055,2734.2
1999-02-05,3.0,3.111,2.9789999999999996,3.111,5382.0
1999-02-08,2.8960000000000004,3.0,2.847,2.9930000000000003,5105.17
1999-02-09,2.986,3.02,2.875,2.903,8732.45
1999-03-01,3.02,3.034,2.924,2.9789999999999996,3125.87
1999-03-02,3.0410000000000004,3.069,2.958,3.014,3225.25
1999-03-03,3.1239999999999997,3.1310000000000002,3.0410000000000004,3.0410000000000004,4950.41
1999-03-04,3.111,3.159,3.083,3.117,4002.79
1999-03-05,3.1039999999999996,3.138,3.062,3.083,3814.5
1999-03-08,3.208,3.214,3.083,3.1039999999999996,9090.87
1999-03-09,3.09,3.208,3.069,3.208,5164.37
1999-03-10,3.083,3.1519999999999997,3.076,3.117,5159.33
1999-03-11,3.145,3.187,3.083,3.09,8523.61
1999-03-12,3.2489999999999997,3.27,3.159,3.159,12422.78
1999-03-15,3.242,3.2910000000000004,3.214,3.263,11021.64
1999-03-16,3.242,3.2489999999999997,3.173,3.228,6413.9
1999-03-17,3.263,3.3739999999999997,3.2489999999999997,3.2560000000000002,38263.56
1999-03-18,3.187,3.27,3.173,3.2560000000000002,10099.71
1999-03-19,3.242,3.2489999999999997,3.145,3.187,8062.72
1999-03-22,3.221,3.305,3.221,3.242,8154.32
1999-03-23,3.187,3.2489999999999997,3.1519999999999997,3.221,6581.58
1999-03-24,3.159,3.201,3.145,3.201,7555.21
1999-03-25,3.117,3.1660000000000004,3.1039999999999996,3.159,7804.0
1999-03-26,3.111,3.145,3.083,3.1039999999999996,6772.56
1999-03-29,3.145,3.145,3.083,3.117,4646.82
1999-03-30,3.117,3.201,3.1039999999999996,3.173,3781.0
1999-03-31,3.173,3.173,3.09,3.09,3379.12
1999-04-01,3.36,3.429,3.18,3.187,43763.5
1999-04-02,3.568,3.658,3.339,3.3810000000000002,81436.76
1999-04-05,3.582,3.762,3.568,3.602,104305.79
1999-04-06,3.9419999999999997,3.9419999999999997,3.589,3.589,136921.16
1999-04-07,4.122,4.323,3.9560000000000004,3.983,212717.72
1999-04-08,4.378,4.489,4.025,4.1080000000000005,131071.51
1999-04-09,4.78,4.815,4.295,4.399,230648.78
1999-04-12,4.5169999999999995,4.967,4.489,4.78,154619.69
1999-04-13,4.607,4.842,4.441,4.468,193118.86
1999-04-14,4.399,4.676,4.302,4.607,108936.14
1999-04-15,4.448,4.614,4.364,4.364,80874.31
1999-04-16,4.635,4.891,4.42,4.441,151458.55
1999-04-19,4.683,4.801,4.524,4.621,76321.08
1999-04-20,5.154,5.154,4.6419999999999995,4.711,177335.37
1999-04-21,4.912,5.39,4.87,5.265,241888.55
1999-04-22,5.12,5.147,4.732,4.87,151944.86
1999-04-23,4.662,5.167999999999999,4.607,5.106,157433.13
1999-04-26,4.218999999999999,4.655,4.198,4.586,117694.29
1999-04-27,3.859,4.205,3.7960000000000003,4.157,112022.14
1999-04-28,4.046,4.143,3.713,3.8169999999999997,124908.08
1999-04-29,4.323,4.378,3.97,3.983,126185.72
1999-04-30,4.143,4.351,4.087,4.295,81598.13
1999-05-04,4.198,4.302,4.115,4.122,36651.78
1999-05-05,4.254,4.378,4.184,4.212,40631.92
1999-05-06,4.302,4.378,4.218999999999999,4.281000000000001,40577.98
1999-05-07,4.247,4.406000000000001,4.157,4.316,49403.55
1999-05-10,3.824,4.191,3.824,4.191,89793.04
1999-05-11,3.949,3.977,3.81,3.81,50251.53
1999-05-12,4.164,4.254,3.99,4.004,79552.42
1999-05-13,3.977,4.157,3.949,4.157,36691.14
1999-05-14,3.7960000000000003,3.9210000000000003,3.783,3.9210000000000003,42095.25
1999-05-17,3.9,4.011,3.637,3.7060000000000004,29047.73
1999-05-18,3.699,3.963,3.679,3.9,29963.32
1999-05-19,3.9210000000000003,3.935,3.6719999999999997,3.699,38766.77
1999-05-20,4.073,4.136,3.866,3.949,78844.88
1999-05-21,4.011,4.288,3.983,4.115,90033.37
1999-05-24,4.073,4.33,3.7760000000000002,3.983,135008.68
1999-05-25,4.08,4.351,4.025,4.122,125313.73
1999-05-26,4.489,4.489,4.067,4.073,191867.61
1999-05-27,4.939,4.939,4.607,4.711,230253.92
1999-05-28,4.6419999999999995,5.023,4.572,4.988,108443.06
1999-05-31,4.434,4.745,4.261,4.648,104572.34
1999-06-01,4.586,4.739,4.33,4.434,68570.93
1999-06-02,4.337,4.6419999999999995,4.302,4.607,82330.91
1999-06-04,4.226,4.558,4.101,4.337,50616.22
1999-06-07,4.261,4.316,4.053,4.226,48864.59
1999-06-08,4.364,4.468,4.226,4.226,54909.72
1999-06-09,4.295,4.413,4.191,4.364,30902.57
1999-06-10,4.441,4.551,4.295,4.399,73827.23
1999-06-11,4.427,4.503,4.295,4.434,40153.03
1999-06-14,4.607,4.69,4.468,4.468,66335.12
1999-06-15,4.261,4.78,4.15,4.711,80509.29
1999-06-16,4.427,4.434,4.226,4.295,53901.78
1999-06-17,4.351,4.558,4.261,4.496,63641.81
1999-06-18,4.648,4.676,4.164,4.3580000000000005,136576.81
1999-06-21,4.974,5.0569999999999995,4.628,4.718,170598.64
1999-06-22,4.953,4.988,4.718,4.974,98783.43
1999-06-23,5.05,5.39,4.967,4.988,150022.59
1999-06-24,5.071000000000001,5.1610000000000005,4.919,5.085,107743.76
1999-06-25,4.572,5.251,4.572,5.092,116707.08
1999-06-28,4.704,4.773,4.6,4.6,84381.3
1999-06-29,5.175,5.175,4.635,4.745,135426.5
1999-06-30,5.695,5.695,5.196000000000001,5.369,276166.3
1999-07-01,5.521,6.027,5.126,5.75,235553.35
1999-07-02,6.0760000000000005,6.0760000000000005,5.494,5.819,146140.14
1999-07-05,5.957999999999999,6.581,5.888999999999999,6.235,144805.58
1999-07-06,5.4239999999999995,5.882000000000001,5.362,5.875,85966.28
1999-07-07,5.8260000000000005,5.8260000000000005,5.438,5.438,73226.51
1999-07-08,6.166,6.4079999999999995,5.922999999999999,5.957999999999999,175262.87
1999-07-09,6.754,6.782,6.303999999999999,6.303999999999999,182955.66
1999-07-12,6.3870000000000005,6.935,6.235,6.789,109663.23
1999-07-13,7.025,7.025,6.2,6.242000000000001,122734.0
1999-07-14,7.482,7.62,7.135,7.135,143910.08
1999-07-15,7.412999999999999,7.724,7.212000000000001,7.42,100097.68
1999-07-16,7.9110000000000005,7.9670000000000005,7.447,7.447,120536.26
1999-07-19,7.3020000000000005,8.022,7.156000000000001,7.835,123931.33
1999-07-20,7.607,7.69,6.955,7.142,88807.63
1999-07-21,7.343,7.69,7.246,7.607,87766.01
1999-07-22,8.078,8.078,7.565,7.62,116233.94
1999-07-23,8.244,8.445,7.9670000000000005,8.209,103486.16
1999-07-26,8.272,8.417,7.974,8.092,48726.4
1999-07-27,8.112,8.556000000000001,8.043,8.521,42219.45
1999-07-28,7.357,8.119,7.3020000000000005,8.119,117149.73
1999-07-29,7.412999999999999,7.62,7.135,7.399,65740.17
1999-07-30,7.468,7.62,7.205,7.447,36598.76
1999-08-02,7.433,7.517,7.336,7.482,28062.96
1999-08-03,7.641,7.7589999999999995,7.239,7.364,72098.31
1999-08-04,7.614,7.794,7.447,7.558,100535.74
1999-08-05,8.001,8.05,7.447,7.482,96783.6
1999-08-06,7.898,8.312999999999999,7.827999999999999,7.9670000000000005,80789.53
1999-08-09,8.112,8.402999999999999,7.898,7.898,85050.23
1999-08-10,7.8629999999999995,8.292,7.827999999999999,8.112,38952.82
1999-08-11,7.544,7.849,7.447,7.827999999999999,41774.81
1999-08-12,7.593,7.614,7.343,7.544,22089.19
1999-08-13,7.69,7.69,7.482,7.482,18070.56
1999-08-16,7.239,7.724,7.142,7.724,15556.6
1999-08-17,7.039,7.377999999999999,6.574,7.135,52624.58
1999-08-18,6.692,6.968999999999999,6.567,6.851,30624.47
1999-08-19,6.928,7.011,6.651,6.789,24088.63
1999-08-20,7.1770000000000005,7.343,6.928,6.928,27888.63
1999-08-23,7.205,7.329,7.066,7.191,25699.68
1999-08-24,7.287999999999999,7.433,7.135,7.1979999999999995,43327.55
1999-08-25,7.295,7.377999999999999,7.101,7.309,35955.76
1999-08-26,7.032,7.3229999999999995,6.907,7.274,25821.58
1999-08-27,7.045,7.0729999999999995,6.761,7.032,36132.23
1999-08-30,7.316,7.406000000000001,6.796,7.025,64056.2
1999-08-31,6.997000000000001,7.406000000000001,6.955,7.385,25245.87
1999-09-01,6.775,7.093999999999999,6.7410000000000005,7.004,41832.46
1999-09-02,6.754,6.845,6.567,6.775,18738.68
1999-09-03,6.497999999999999,6.824,6.4910000000000005,6.824,13622.28
1999-09-06,6.166,6.497999999999999,6.096,6.497999999999999,18296.72
1999-09-07,6.096,6.276,6.082000000000001,6.166,10529.95
1999-09-08,6.235,6.36,6.096,6.096,6712.75
1999-09-09,6.609,6.622999999999999,6.276,6.367000000000001,21750.15
1999-09-10,6.297000000000001,6.678,6.221,6.651,35427.81
1999-09-13,6.178999999999999,6.394,6.062,6.235,24092.72
1999-09-14,6.276,6.394,6.159,6.178999999999999,24740.95
1999-09-15,6.526,6.644,6.3389999999999995,6.3389999999999995,57109.4
1999-09-16,6.332000000000001,6.567,6.303999999999999,6.477,17435.28
1999-09-17,6.256,6.401,6.228,6.332000000000001,15267.92
1999-09-20,6.221,6.4079999999999995,6.2139999999999995,6.2829999999999995,8366.81
1999-09-21,6.166,6.27,6.11,6.235,9575.2
1999-09-22,6.055,6.36,5.979,6.152,11994.47
1999-09-23,5.9510000000000005,6.145,5.909,6.131,8140.3
1999-09-24,5.986000000000001,6.096,5.909,5.965,8319.81
1999-09-27,5.785,6.055,5.542000000000001,5.986000000000001,9267.0
1999-09-28,5.638999999999999,5.797999999999999,5.556,5.75,11620.77
1999-09-29,5.604,5.736000000000001,5.584,5.646,5692.42
1999-09-30,5.577000000000001,5.681,5.5489999999999995,5.681,5344.05
1999-10-08,5.611000000000001,5.763999999999999,5.535,5.542000000000001,8231.08
1999-10-11,5.715,5.832999999999999,5.611000000000001,5.611000000000001,8333.69
1999-10-12,5.763999999999999,5.819,5.681,5.715,6040.12
1999-10-13,5.598,5.832999999999999,5.577000000000001,5.832999999999999,4254.41
1999-10-14,5.979,5.986000000000001,5.584,5.646,26886.54
1999-10-15,6.062,6.152,5.922999999999999,5.957999999999999,28912.82
1999-10-18,6.034,6.303999999999999,5.972,6.152,36043.18
1999-10-19,5.715,6.152,5.681,6.145,11501.3
1999-10-20,5.797999999999999,5.867999999999999,5.66,5.681,8348.66
1999-10-21,5.646,5.854,5.611000000000001,5.805,6313.42
1999-10-22,5.722,5.854,5.667000000000001,5.667000000000001,9772.21
1999-10-25,5.632000000000001,5.797999999999999,5.542000000000001,5.763999999999999,7649.83
1999-10-26,5.604,5.715,5.542000000000001,5.646,13586.39
1999-10-27,5.84,5.875,5.632000000000001,5.681,23030.74
1999-10-28,6.041,6.124,5.729,5.854,43684.86
1999-10-29,5.986000000000001,6.2,5.957999999999999,5.957999999999999,27749.8
1999-11-01,5.992000000000001,6.124,5.937,6.013,14586.45
1999-11-02,5.742999999999999,6.062,5.667000000000001,5.992000000000001,15041.18
1999-11-03,5.722,6.013,5.681,5.742999999999999,7324.76
1999-11-04,5.6739999999999995,5.763999999999999,5.542000000000001,5.688,10560.08
1999-11-05,5.625,5.75,5.5489999999999995,5.667000000000001,9871.5
1999-11-08,5.653,5.695,5.57,5.611000000000001,6731.69
1999-11-09,5.604,5.715,5.542000000000001,5.66,12316.14
1999-11-10,5.341,5.604,5.265,5.604,20274.0
1999-11-11,5.196000000000001,5.501,5.126,5.334,16136.25
1999-11-12,5.099,5.307,5.064,5.244,10618.28
1999-11-15,5.023,5.126,4.8839999999999995,5.092,8341.93
1999-11-16,4.891,5.126,4.863,5.0569999999999995,8339.5
1999-11-17,5.092,5.106,4.905,4.919,7993.29
1999-11-18,5.292999999999999,5.438,5.064,5.1610000000000005,17651.09
1999-11-19,5.272,5.507999999999999,5.202999999999999,5.265,12599.86
1999-11-22,5.2860000000000005,5.382999999999999,5.251,5.272,6719.31
1999-11-23,5.39,5.466,5.2860000000000005,5.334,11277.96
1999-11-24,5.189,5.417000000000001,5.182,5.404,8270.0
1999-11-25,5.521,5.542000000000001,5.099,5.14,30041.96
1999-11-26,5.556,5.617999999999999,5.404,5.501,29455.95
1999-11-29,5.847,6.11,5.688,5.7010000000000005,65460.37
1999-11-30,5.736000000000001,5.922999999999999,5.736000000000001,5.763999999999999,27314.13
1999-12-01,5.785,5.888999999999999,5.681,5.75,13478.19
1999-12-02,5.805,5.916,5.736000000000001,5.785,10929.57
1999-12-03,5.707999999999999,5.888999999999999,5.667000000000001,5.819,9065.5
1999-12-06,5.507999999999999,5.75,5.466,5.715,10264.99
1999-12-07,5.473,5.625,5.445,5.507999999999999,5534.96
1999-12-08,5.667000000000001,5.681,5.452000000000001,5.528,9487.61
1999-12-09,5.638999999999999,5.736000000000001,5.542000000000001,5.736000000000001,4181.38
1999-12-10,5.611000000000001,5.695,5.494,5.494,3851.13
1999-12-13,5.688,5.832999999999999,5.598,5.611000000000001,12062.48
1999-12-14,5.584,5.778,5.528,5.688,11480.5
1999-12-15,5.617999999999999,5.66,5.507999999999999,5.598,29712.61
1999-12-16,5.501,5.681,5.494,5.632000000000001,6692.21
1999-12-17,5.196000000000001,5.507999999999999,5.196000000000001,5.501,12332.4
1999-12-21,5.223,5.334,5.196000000000001,5.23,4775.05
1999-12-22,5.023,5.21,4.988,5.21,8391.75
1999-12-23,5.05,5.099,4.974,5.023,7514.09
1999-12-24,4.919,5.099,4.919,5.043,4005.95
1999-12-27,5.002,5.064,4.905,4.988,15278.66
1999-12-28,4.96,5.078,4.905,5.064,4399.92
1999-12-29,4.939,4.995,4.891,4.988,4665.29
1999-12-30,4.946000000000001,4.988,4.8839999999999995,4.988,4740.0
2000-01-04,5.132999999999999,5.147,4.946000000000001,4.988,11698.61
2000-01-05,5.154,5.3,5.029,5.182,25323.09
2000-01-06,5.237,5.279,5.023,5.126,14574.45
2000-01-07,5.695,5.695,5.23,5.237,40593.52
2000-01-10,5.75,6.013,5.7010000000000005,5.75,57938.5
2000-01-11,5.507999999999999,5.75,5.494,5.75,33782.36
2000-01-12,5.445,5.667000000000001,5.237,5.507999999999999,27635.99
2000-01-13,5.638999999999999,5.875,5.459,5.459,75088.72
2000-01-14,5.797999999999999,6.0760000000000005,5.707999999999999,5.715,58830.87
2000-01-17,5.763999999999999,6.027,5.667000000000001,5.819,31435.06
2000-01-18,6.27,6.3389999999999995,5.797999999999999,5.819,84966.86
2000-01-19,6.207000000000001,6.38,6.027,6.249,49501.33
2000-01-20,6.311,6.422000000000001,6.131,6.235,40843.03
2000-01-21,6.131,6.4079999999999995,5.957999999999999,6.3389999999999995,71548.17
2000-01-24,5.909,6.2,5.888999999999999,6.131,35390.81
2000-01-25,5.819,6.124,5.75,5.909,28265.72
2000-01-26,5.812,5.992000000000001,5.75,5.819,14941.81
2000-01-27,5.611000000000001,5.922999999999999,5.577000000000001,5.922999999999999,34235.85
2000-01-28,5.653,5.75,5.521,5.611000000000001,35446.4
2000-02-14,6.166,6.221,5.646,5.75,50497.49
2000-02-15,5.875,6.3389999999999995,5.84,6.166,62971.1
2000-02-16,5.681,5.909,5.611000000000001,5.888999999999999,51587.62
2000-02-17,6.249,6.249,5.617999999999999,5.646,114463.21
2000-02-18,6.131,6.581,6.02,6.443,64388.1
2000-02-21,6.602,6.734,6.235,6.235,110263.24
2000-02-22,6.11,6.581,6.096,6.581,43015.9
2000-02-23,5.888999999999999,6.096,5.757000000000001,6.096,27818.04
2000-02-24,5.957999999999999,6.145,5.84,5.888999999999999,16909.72
2000-02-25,5.847,5.999,5.75,5.992000000000001,28852.14
2000-02-28,5.957999999999999,6.013,5.797999999999999,5.847,26644.14
2000-02-29,5.695,5.992000000000001,5.611000000000001,5.957999999999999,37447.52
2000-03-01,5.854,5.944,5.695,5.715,19527.0
2000-03-02,5.75,5.854,5.667000000000001,5.854,25172.39
2000-03-03,5.785,5.875,5.736000000000001,5.757000000000001,23231.78
2000-03-06,5.819,6.124,5.819,5.832999999999999,35415.2
2000-03-07,6.145,6.166,5.832999999999999,5.867999999999999,42877.57
2000-03-08,6.103,6.256,5.992000000000001,6.235,23891.14
2000-03-09,6.256,6.443,6.034,6.178999999999999,51805.26
2000-03-10,5.937,6.38,5.922999999999999,6.276,29519.88
2000-03-13,5.979,6.013,5.792000000000001,5.93,18835.69
2000-03-14,5.681,5.909,5.542000000000001,5.805,30904.99
2000-03-15,5.667000000000001,5.715,5.513999999999999,5.653,47359.46
2000-03-16,5.584,5.763999999999999,5.528,5.653,24851.27
2000-03-17,5.681,5.763999999999999,5.5489999999999995,5.598,17845.34
2000-03-20,5.84,5.937,5.404,5.653,38744.69
2000-03-21,5.6739999999999995,5.84,5.542000000000001,5.84,18485.35
2000-03-22,5.882000000000001,6.027,5.577000000000001,5.667000000000001,69607.8
2000-03-23,5.895,6.027,5.785,5.867999999999999,35147.26
2000-03-24,5.888999999999999,6.166,5.847,5.922999999999999,62940.56
2000-03-27,5.93,6.027,5.84,5.888999999999999,20880.42
2000-03-28,6.02,6.152,5.888999999999999,5.937,37536.15
2000-03-29,6.152,6.235,6.013,6.041,34007.29
2000-03-30,6.235,6.372999999999999,6.082000000000001,6.166,72703.87
2000-03-31,6.166,6.29,6.0760000000000005,6.235,30209.44
2000-04-03,6.055,6.172999999999999,6.013,6.166,22904.33
2000-04-04,5.916,6.055,5.832999999999999,6.055,23252.42
2000-04-05,5.867999999999999,5.944,5.805,5.875,11041.3
2000-04-06,6.117000000000001,6.131,5.819,5.819,16663.32
2000-04-07,5.979,6.193,5.957999999999999,6.131,16621.45
2000-04-10,6.159,6.303999999999999,6.013,6.027,29522.69
2000-04-11,6.303999999999999,6.4079999999999995,6.096,6.221,48710.54
2000-04-12,6.297000000000001,6.5120000000000005,6.186,6.318,46961.05
2000-04-13,6.3389999999999995,6.477,6.235,6.2829999999999995,31746.51
2000-04-14,6.581,6.644,6.303999999999999,6.372999999999999,68993.83
2000-04-17,6.303999999999999,6.685,6.249,6.6160000000000005,40520.19
2000-04-18,6.367000000000001,6.547000000000001,6.27,6.29,18927.03
2000-04-19,6.221,6.497999999999999,6.178999999999999,6.38,21282.74
2000-04-20,6.249,6.3389999999999995,6.166,6.235,24859.63
2000-04-21,6.131,6.303999999999999,6.0889999999999995,6.29,28734.77
2000-04-24,5.986000000000001,6.138,5.957999999999999,6.131,21838.47
2000-04-25,6.062,6.131,5.986000000000001,6.027,11523.15
2000-04-26,6.096,6.3389999999999995,6.069,6.096,13680.5
2000-04-27,5.992000000000001,6.27,5.957999999999999,6.069,9612.16
2000-04-28,5.992000000000001,6.062,5.888999999999999,5.999,9972.49
2000-05-08,5.957999999999999,6.0889999999999995,5.922999999999999,6.027,6275.48
2000-05-09,5.722,5.965,5.715,5.965,12672.0
2000-05-10,5.638999999999999,5.819,5.611000000000001,5.757000000000001,8061.84
2000-05-11,5.57,5.715,5.528,5.646,6560.0
2000-05-12,5.542000000000001,5.667000000000001,5.542000000000001,5.5489999999999995,4900.72
2000-05-15,5.542000000000001,5.695,5.513999999999999,5.695,5493.5
2000-05-16,5.632000000000001,5.707999999999999,5.542000000000001,5.563,4948.08
2000-05-17,5.577000000000001,5.736000000000001,5.542000000000001,5.632000000000001,6121.66
2000-05-18,5.75,5.757000000000001,5.542000000000001,5.584,10500.65
2000-05-19,5.729,5.805,5.611000000000001,5.785,9784.0
2000-05-22,5.771,5.805,5.646,5.75,11941.12
2000-05-23,5.902,6.082000000000001,5.75,5.778,18555.59
2000-05-24,5.93,6.02,5.847,5.895,12451.82
2000-05-25,5.861000000000001,6.027,5.778,5.999,15992.07
2000-05-26,6.027,6.2,5.722,5.888999999999999,22755.97
2000-05-30,6.055,6.221,5.944,6.166,36135.01
2000-05-31,6.221,6.346,5.979,6.055,61738.15
2000-06-01,6.303999999999999,6.3870000000000005,6.2,6.27,48150.28
2000-06-02,6.249,6.4079999999999995,6.103,6.346,34232.13
2000-06-05,6.0889999999999995,6.6160000000000005,5.999,6.303999999999999,65223.48
2000-06-06,5.819,6.047999999999999,5.729,6.047999999999999,46539.71
2000-06-07,5.895,5.922999999999999,5.785,5.8260000000000005,14850.67
2000-06-08,5.882000000000001,5.944,5.805,5.93,11690.07
2000-06-09,5.75,5.875,5.722,5.875,20063.09
2000-06-12,5.785,5.819,5.632000000000001,5.715,9898.72
2000-06-13,5.882000000000001,5.902,5.75,5.797999999999999,10446.98
2000-06-14,5.771,5.922999999999999,5.736000000000001,5.922999999999999,14561.53
2000-06-15,5.785,5.875,5.75,5.771,11193.92
2000-06-16,5.75,5.819,5.688,5.785,16829.67
2000-06-19,5.778,5.854,5.653,5.729,10348.44
2000-06-20,5.667000000000001,5.778,5.66,5.778,6945.0
2000-06-21,5.681,5.736000000000001,5.638999999999999,5.653,7943.22
2000-06-22,5.6739999999999995,5.75,5.646,5.681,10134.28
2000-06-23,5.763999999999999,5.832999999999999,5.653,5.6739999999999995,11572.66
2000-06-26,5.819,5.854,5.715,5.778,10869.85
2000-06-27,5.736000000000001,5.847,5.695,5.819,9452.85
2000-06-28,5.7010000000000005,5.797999999999999,5.6739999999999995,5.736000000000001,9398.34
2000-06-29,5.771,5.771,5.646,5.7010000000000005,15055.18
2000-06-30,5.979,6.131,5.757000000000001,5.771,78400.71
2000-07-03,5.922999999999999,6.082000000000001,5.832999999999999,5.986000000000001,39645.07
2000-07-04,5.922999999999999,6.041,5.854,5.944,30723.36
2000-07-05,6.0760000000000005,6.131,5.922999999999999,5.999,27197.36
2000-07-06,5.895,6.069,5.888999999999999,6.062,13113.53
2000-07-07,5.909,5.986000000000001,5.854,5.909,14301.85
2000-07-10,6.055,6.0889999999999995,5.875,5.957999999999999,17396.63
2000-07-11,5.944,6.117000000000001,5.922999999999999,6.096,15801.56
2000-07-12,6.0889999999999995,6.145,5.882000000000001,5.957999999999999,32914.43
2000-07-13,5.992000000000001,6.2829999999999995,5.944,6.096,35559.66
2000-07-14,5.93,5.992000000000001,5.888999999999999,5.957999999999999,15264.49
2000-07-17,5.93,6.027,5.909,6.027,11320.0
2000-07-18,5.93,6.006,5.902,5.93,7596.8
2000-07-19,6.027,6.062,5.93,5.957999999999999,12473.66
2000-07-20,5.93,6.0760000000000005,5.922999999999999,6.027,8820.55
2000-07-21,5.895,5.992000000000001,5.875,5.93,10623.22
2000-07-24,5.785,5.909,5.763999999999999,5.895,13666.6
2000-07-25,5.797999999999999,5.854,5.75,5.785,9000.2
2000-07-26,5.895,5.992000000000001,5.805,5.812,10680.99
2000-07-27,5.986000000000001,6.02,5.888999999999999,5.922999999999999,11927.48
2000-07-28,6.062,6.145,5.986000000000001,5.992000000000001,30135.84
2000-07-31,6.11,6.207000000000001,6.062,6.062,22198.53
2000-08-01,6.055,6.193,6.041,6.166,14125.73
2000-08-02,6.221,6.29,6.013,6.069,30344.7
2000-08-03,6.159,6.4079999999999995,6.124,6.235,50906.08
2000-08-04,6.041,6.152,5.957999999999999,6.152,20514.23
2000-08-07,6.082000000000001,6.096,6.006,6.027,13103.63
2000-08-08,6.166,6.166,6.055,6.096,12035.88
2000-08-09,6.152,6.303999999999999,6.103,6.166,22416.33
2000-08-10,6.117000000000001,6.221,6.055,6.166,11395.69
2000-08-11,6.062,6.2,6.041,6.131,11097.36
2000-08-14,6.27,6.27,6.034,6.096,20214.95
2000-08-15,6.249,6.3389999999999995,6.166,6.311,19230.96
2000-08-16,6.415,6.5120000000000005,6.228,6.27,60203.85
2000-08-17,6.428999999999999,6.567,6.346,6.443,33635.04
2000-08-18,6.477,6.5120000000000005,6.4079999999999995,6.4639999999999995,24822.35
2000-08-21,6.602,6.664,6.4639999999999995,6.497999999999999,39540.59
2000-08-22,6.907,7.252999999999999,6.497999999999999,6.6370000000000005,124640.59
2000-08-23,7.447,7.586,6.845,6.9,319732.04
2000-08-24,7.447,7.537000000000001,7.1770000000000005,7.377999999999999,126610.93
2000-08-25,7.502999999999999,7.724,7.343,7.482,76262.71
2000-08-28,7.44,7.607,7.343,7.558,66536.81
2000-08-29,7.8629999999999995,7.891,7.44,7.44,97625.34
2000-08-30,7.627000000000001,7.925,7.572,7.856,79550.99
2000-08-31,7.149,7.683,7.135,7.572,69524.89
2000-09-01,7.039,7.274,7.025,7.101,46503.53
2000-09-04,7.392,7.406000000000001,7.066,7.08,36124.14
2000-09-05,6.9479999999999995,7.447,6.865,7.447,37598.21
2000-09-06,6.72,7.0520000000000005,6.664,6.907,37380.2
2000-09-07,6.768,6.914,6.727,6.734,17774.25
2000-09-08,6.581,6.879,6.47,6.831,30445.08
2000-09-11,6.685,6.7410000000000005,6.547000000000001,6.6370000000000005,21055.82
2000-09-12,6.685,6.72,6.5120000000000005,6.692,16682.42
2000-09-13,6.651,6.831,6.595,6.685,20175.27
2000-09-14,6.789,6.886,6.651,6.651,18439.71
2000-09-15,6.664,6.789,6.587999999999999,6.789,14851.48
2000-09-18,6.353,6.685,6.346,6.671,16781.06
2000-09-19,6.082000000000001,6.2829999999999995,5.957999999999999,6.2829999999999995,20447.78
2000-09-20,6.152,6.166,5.957999999999999,6.096,11941.9
2000-09-21,6.117000000000001,6.166,6.013,6.103,10610.93
2000-09-22,6.041,6.159,6.027,6.096,8079.82
2000-09-25,5.819,6.096,5.805,6.027,8063.6
2000-09-26,5.937,5.992000000000001,5.797999999999999,5.797999999999999,6456.7
2000-09-27,6.006,6.062,5.875,5.937,6914.32
2000-09-28,5.797999999999999,6.027,5.785,6.006,10675.07
2000-09-29,5.84,5.888999999999999,5.75,5.763999999999999,6221.1
2000-10-09,5.778,5.957999999999999,5.646,5.957999999999999,8101.92
2000-10-10,5.992000000000001,6.027,5.805,5.805,11100.25
2000-10-11,5.875,5.992000000000001,5.854,5.992000000000001,8832.38
2000-10-12,6.055,6.152,5.75,5.895,13444.06
2000-10-13,6.29,6.303999999999999,5.965,6.041,30613.57
2000-10-16,6.3389999999999995,6.3389999999999995,6.096,6.249,13634.65
2000-10-17,6.303999999999999,6.36,6.178999999999999,6.3389999999999995,17234.75
2000-10-18,6.276,6.3389999999999995,6.145,6.303999999999999,11470.22
2000-10-19,6.207000000000001,6.276,6.145,6.242000000000001,10757.75
2000-10-20,6.124,6.193,5.965,6.193,17832.63
2000-10-23,6.29,6.36,6.124,6.124,14460.08
2000-10-24,6.3389999999999995,6.346,6.2,6.318,13077.71
2000-10-25,6.497999999999999,6.547000000000001,6.242000000000001,6.372999999999999,53359.41
2000-10-26,6.3870000000000005,6.5120000000000005,6.372999999999999,6.497999999999999,12470.12
2000-10-27,6.303999999999999,6.372999999999999,6.276,6.36,10580.4
2000-10-30,6.318,6.3389999999999995,6.235,6.303999999999999,10117.74
2000-10-31,6.276,6.497999999999999,6.27,6.325,9615.14
2000-11-01,6.166,6.29,6.11,6.27,11306.92
2000-11-02,6.207000000000001,6.332000000000001,6.172999999999999,6.2,9295.24
2000-11-03,6.166,6.303999999999999,6.152,6.207000000000001,7923.71
2000-11-06,6.117000000000001,6.166,6.103,6.166,8911.69
2000-11-07,6.228,6.235,6.103,6.117000000000001,7642.76
2000-11-08,6.256,6.297000000000001,6.172999999999999,6.297000000000001,8296.9
2000-11-09,6.3389999999999995,6.3389999999999995,6.235,6.27,13033.19
2000-11-10,6.422000000000001,6.443,6.242000000000001,6.36,19745.47
2000-11-13,6.4639999999999995,6.526,6.372999999999999,6.443,18811.91
2000-11-14,6.415,6.484,6.36,6.4639999999999995,15021.57
2000-11-15,6.3389999999999995,6.4079999999999995,6.311,6.4079999999999995,16697.4
2000-11-16,6.5329999999999995,6.567,6.318,6.3389999999999995,22367.32
2000-11-17,6.581,6.651,6.484,6.553999999999999,25683.22
2000-11-20,6.547000000000001,6.651,6.484,6.651,18468.0
2000-11-21,6.657,6.72,6.547000000000001,6.561,21831.62
2000-11-22,6.671,6.692,6.553999999999999,6.651,13231.77
2000-11-23,6.561,6.72,6.5120000000000005,6.72,17500.3
2000-11-24,6.29,6.651,6.256,6.581,18728.86
2000-11-27,6.367000000000001,6.436,6.152,6.235,13229.6
2000-11-28,6.699,6.754,6.353,6.367000000000001,21975.87
2000-11-29,6.997000000000001,7.191,6.727,6.727,106090.91
2000-11-30,6.914,6.997000000000001,6.803,6.997000000000001,21989.49
2000-12-01,6.928,7.032,6.858,6.968999999999999,16749.87
2000-12-04,6.99,7.108,6.935,6.935,14623.14
2000-12-05,6.817,7.025,6.7410000000000005,6.997000000000001,15122.07
2000-12-06,6.609,6.858,6.587999999999999,6.817,19537.42
2000-12-07,6.914,6.914,6.553999999999999,6.581,17599.63
2000-12-08,6.9479999999999995,7.032,6.858,6.928,19480.26
2000-12-11,6.789,6.997000000000001,6.72,6.962000000000001,12652.19
2000-12-12,6.768,6.914,6.622999999999999,6.9,11311.26
2000-12-13,6.768,6.831,6.657,6.803,8737.65
2000-12-14,6.727,6.879,6.685,6.789,6849.0
2000-12-15,6.519,6.761,6.5120000000000005,6.754,7941.6
2000-12-18,6.4910000000000005,6.706,6.372999999999999,6.519,8151.71
2000-12-19,6.497999999999999,6.581,6.457000000000001,6.5120000000000005,4851.44
2000-12-20,6.47,6.526,6.428999999999999,6.5120000000000005,7326.19
2000-12-21,6.5120000000000005,6.651,6.47,6.477,10249.99
2000-12-22,6.428999999999999,6.581,6.401,6.526,7804.84
2000-12-25,6.27,6.443,6.249,6.3389999999999995,11245.5
2000-12-26,6.276,6.367000000000001,6.263,6.27,8537.21
2000-12-27,6.249,6.36,6.221,6.276,8601.0
2000-12-28,6.303999999999999,6.318,6.228,6.318,5702.62
2000-12-29,6.3389999999999995,6.367000000000001,6.29,6.303999999999999,4817.0
2001-01-02,6.484,6.54,6.29,6.367000000000001,9489.2
2001-01-03,6.4910000000000005,6.519,6.242000000000001,6.497999999999999,12491.34
2001-01-04,6.346,6.5120000000000005,6.3389999999999995,6.4910000000000005,8582.6
2001-01-05,6.4079999999999995,6.428999999999999,6.2829999999999995,6.346,11470.52
2001-01-08,6.303999999999999,6.4079999999999995,6.235,6.4079999999999995,19933.18
2001-01-09,6.332000000000001,6.38,6.27,6.29,10551.42
2001-01-10,6.45,6.5120000000000005,6.297000000000001,6.332000000000001,8823.12
2001-01-11,6.581,6.6370000000000005,6.428999999999999,6.477,17251.37
2001-01-12,6.54,6.72,6.526,6.587999999999999,17582.59
2001-01-15,6.297000000000001,6.54,6.27,6.54,9426.16
2001-01-16,6.36,6.372999999999999,6.178999999999999,6.235,7548.58
2001-01-17,6.249,6.372999999999999,6.249,6.3389999999999995,5673.0
2001-01-18,6.131,6.178999999999999,5.965,5.992000000000001,40448.6
2001-01-19,6.138,6.145,6.055,6.117000000000001,15836.33
2001-02-05,5.992000000000001,6.145,5.972,6.138,11365.89
2001-02-06,5.916,5.957999999999999,5.722,5.957999999999999,9663.21
2001-02-07,5.909,5.992000000000001,5.805,5.902,6399.44
2001-02-08,5.75,5.922999999999999,5.729,5.888999999999999,5904.84
2001-02-09,5.805,5.882000000000001,5.763999999999999,5.763999999999999,6445.0
2001-02-12,5.785,5.832999999999999,5.736000000000001,5.819,6730.23
2001-02-13,5.819,5.882000000000001,5.785,5.785,3964.97
2001-02-14,5.805,5.854,5.75,5.8260000000000005,4470.34
2001-02-15,5.75,5.854,5.75,5.805,3799.86
2001-02-16,5.695,5.75,5.617999999999999,5.736000000000001,5949.43
2001-02-19,5.785,5.792000000000001,5.638999999999999,5.681,4521.49
2001-02-20,5.7010000000000005,5.84,5.681,5.792000000000001,7461.73
2001-02-21,5.445,5.695,5.417000000000001,5.695,13688.65
2001-02-22,5.4110000000000005,5.507999999999999,5.382999999999999,5.404,5505.04
2001-02-23,5.473,5.48,5.369,5.4110000000000005,5620.07
2001-02-26,5.591,5.625,5.487,5.487,5334.81
2001-02-27,5.598,5.66,5.577000000000001,5.584,5048.92
2001-02-28,5.611000000000001,5.66,5.598,5.598,4322.63
2001-03-01,5.611000000000001,5.646,5.563,5.611000000000001,3665.12
2001-03-02,5.715,5.75,5.611000000000001,5.611000000000001,6124.22
2001-03-05,5.707999999999999,5.785,5.653,5.736000000000001,5721.28
2001-03-06,5.667000000000001,5.729,5.646,5.715,4174.13
2001-03-07,5.681,5.695,5.638999999999999,5.667000000000001,4393.87
2001-03-08,5.646,5.681,5.625,5.681,5134.89
2001-03-09,5.611000000000001,5.653,5.577000000000001,5.653,7468.69
2001-03-12,5.646,5.7010000000000005,5.584,5.611000000000001,6887.8
2001-03-13,5.667000000000001,5.7010000000000005,5.611000000000001,5.646,3985.89
2001-03-14,5.7010000000000005,5.707999999999999,5.604,5.653,4375.09
2001-03-15,5.75,5.792000000000001,5.715,5.715,8072.06
2001-03-16,5.695,5.75,5.681,5.75,4528.54
2001-03-19,5.785,5.792000000000001,5.6739999999999995,5.715,9456.13
2001-03-20,5.847,5.854,5.797999999999999,5.797999999999999,7745.65
2001-03-21,5.957999999999999,5.992000000000001,5.847,5.867999999999999,13318.53
2001-03-22,5.937,5.979,5.875,5.965,11399.2
2001-03-23,5.792000000000001,5.93,5.785,5.93,11636.98
2001-03-26,5.847,5.861000000000001,5.757000000000001,5.757000000000001,6358.94
2001-03-27,5.882000000000001,5.902,5.847,5.875,7926.79
2001-03-28,5.944,5.999,5.875,5.875,8941.95
2001-03-29,5.937,5.944,5.875,5.944,7545.04
2001-03-30,5.888999999999999,5.922999999999999,5.854,5.922999999999999,5637.6
2001-04-02,5.965,5.992000000000001,5.819,5.902,12313.29
2001-04-03,6.041,6.069,5.944,6.069,9838.37
2001-04-04,6.013,6.082000000000001,5.992000000000001,6.062,19205.36
2001-04-05,6.172999999999999,6.178999999999999,5.999,6.013,43592.85
2001-04-06,6.124,6.193,6.103,6.172999999999999,10201.04
2001-04-09,6.131,6.138,6.034,6.124,6813.38
2001-04-10,6.103,6.159,6.069,6.124,6886.59
2001-04-11,6.041,6.103,5.992000000000001,6.096,9252.42
2001-04-12,6.013,6.103,5.965,6.027,8972.13
2001-04-13,5.992000000000001,6.041,5.944,6.013,8182.22
2001-04-16,6.055,6.103,5.957999999999999,5.986000000000001,10048.14
2001-04-17,6.027,6.131,5.992000000000001,6.055,11396.11
2001-04-18,6.096,6.131,6.034,6.034,12742.69
2001-04-19,5.986000000000001,6.096,5.965,6.096,8939.71
2001-04-20,6.027,6.096,5.93,5.957999999999999,10108.67
2001-04-23,6.131,6.207000000000001,6.013,6.013,19770.14
2001-04-24,6.297000000000001,6.367000000000001,6.131,6.131,33986.1
2001-04-25,6.096,6.346,6.013,6.303999999999999,16284.63
2001-04-26,6.027,6.152,5.999,6.062,10791.29
2001-04-27,6.027,6.103,6.027,6.034,5502.15
2001-04-30,6.062,6.117000000000001,6.027,6.034,5298.3
2001-05-08,6.069,6.124,6.034,6.069,3699.73
2001-05-09,6.27,6.276,6.047999999999999,6.096,21402.01
2001-05-10,6.428999999999999,6.47,6.249,6.27,46787.16
2001-05-11,6.47,6.526,6.4079999999999995,6.428999999999999,45543.75
2001-05-14,6.699,6.942,6.6370000000000005,6.942,147605.53
2001-05-15,7.371,7.371,6.706,6.72,259304.3
2001-05-16,7.377999999999999,7.579,7.287999999999999,7.447,196106.81
2001-05-17,7.26,7.517,7.101,7.377999999999999,115523.88
2001-05-18,7.274,7.517,7.218999999999999,7.26,85397.98
2001-05-21,7.135,7.371,7.101,7.287999999999999,61119.06
2001-05-22,7.433,7.454,7.032,7.135,62660.8
2001-05-23,7.316,7.586,7.295,7.433,66581.26
2001-05-24,7.295,7.517,7.274,7.343,37192.22
2001-05-28,6.9,7.343,6.768,7.239,67736.91
2001-05-29,6.803,6.928,6.72,6.865,39230.35
2001-05-30,6.872000000000001,6.997000000000001,6.803,6.803,27485.86
2001-05-31,6.976,7.101,6.872000000000001,6.872000000000001,22735.84
2001-06-01,6.879,7.066,6.837999999999999,6.997000000000001,29607.67
2001-06-04,6.935,7.025,6.886,6.893,18659.55
2001-06-05,7.1770000000000005,7.191,6.935,6.935,33118.27
2001-06-06,7.218999999999999,7.246,7.101,7.232,24105.59
2001-06-07,7.0520000000000005,7.239,7.0520000000000005,7.205,18212.3
2001-06-08,6.997000000000001,7.101,6.955,7.045,17242.09
2001-06-11,6.921,7.039,6.886,6.997000000000001,13560.54
2001-06-12,6.962000000000001,6.997000000000001,6.886,6.928,8505.51
2001-06-13,7.115,7.218999999999999,6.997000000000001,6.997000000000001,15944.11
2001-06-14,6.921,7.205,6.893,7.17,20458.17
2001-06-15,6.928,6.99,6.879,6.921,13333.34
2001-06-18,6.477,6.962000000000001,6.235,6.962000000000001,38435.38
2001-06-19,6.457000000000001,6.567,6.372999999999999,6.443,13425.01
2001-06-20,6.318,6.497999999999999,6.27,6.457000000000001,12331.85
2001-06-21,6.372999999999999,6.38,6.303999999999999,6.318,14578.32
2001-06-22,6.54,6.561,6.372999999999999,6.3870000000000005,10376.13
2001-06-25,6.547000000000001,6.595,6.436,6.547000000000001,18694.59
2001-06-26,6.45,6.581,6.443,6.561,14713.0
2001-06-27,6.47,6.547000000000001,6.422000000000001,6.477,8920.8
2001-06-28,6.372999999999999,6.505,6.3389999999999995,6.443,12072.85
2001-06-29,6.372999999999999,6.4639999999999995,6.3389999999999995,6.372999999999999,7266.86
2001-07-02,6.27,6.428999999999999,6.27,6.372999999999999,12401.07
2001-07-03,6.38,6.4079999999999995,6.256,6.303999999999999,8393.62
2001-07-04,6.372999999999999,6.428999999999999,6.346,6.3870000000000005,3790.0
2001-07-05,6.276,6.38,6.27,6.38,5480.45
2001-07-06,6.276,6.367000000000001,6.242000000000001,6.276,5923.04
2001-07-09,6.325,6.36,6.276,6.276,4375.44
2001-07-10,6.401,6.4639999999999995,6.346,6.372999999999999,3690.12
2001-07-11,6.303999999999999,6.415,6.303999999999999,6.4079999999999995,4026.32
2001-07-12,6.193,6.303999999999999,6.166,6.256,8122.38
2001-07-13,6.11,6.249,6.096,6.235,7746.0
2001-07-16,6.02,6.221,5.992000000000001,6.221,8341.59
2001-07-17,6.02,6.055,5.937,5.992000000000001,6534.22
2001-07-18,6.047999999999999,6.0889999999999995,5.992000000000001,6.02,3935.76
2001-07-19,5.992000000000001,6.096,5.986000000000001,6.047999999999999,4962.0
2001-07-20,6.166,6.172999999999999,6.006,6.027,7028.61
2001-07-23,6.2,6.29,6.131,6.2,7909.42
2001-07-24,6.172999999999999,6.221,6.11,6.124,8294.71
2001-07-25,6.394,6.581,6.124,6.124,35044.63
2001-07-26,6.303999999999999,6.401,6.27,6.401,6352.97
2001-07-27,6.346,6.547000000000001,6.3389999999999995,6.401,15569.94
2001-07-30,5.979,6.372999999999999,5.965,6.346,13611.99
2001-07-31,5.909,6.166,5.8260000000000005,5.957999999999999,10262.27
2001-08-01,6.138,6.152,5.922999999999999,5.922999999999999,5739.3
2001-08-02,5.979,6.152,5.785,6.152,8872.92
2001-08-03,5.937,5.986000000000001,5.8260000000000005,5.957999999999999,5530.9
2001-08-06,5.646,5.992000000000001,5.542000000000001,5.957999999999999,9389.08
2001-08-07,5.715,5.742999999999999,5.598,5.646,6074.1
2001-08-08,5.7010000000000005,5.785,5.667000000000001,5.667000000000001,2957.2
2001-08-09,5.805,5.819,5.7010000000000005,5.7010000000000005,4357.99
2001-08-10,5.93,6.006,5.805,5.819,7389.42
2001-08-13,5.937,5.992000000000001,5.888999999999999,5.992000000000001,3914.97
2001-08-14,5.819,5.965,5.805,5.937,4247.42
2001-08-15,6.027,6.131,5.922999999999999,6.047999999999999,11315.44
2001-08-16,5.922999999999999,6.02,5.895,6.02,3265.95
2001-08-17,5.937,6.006,5.875,5.922999999999999,4987.52
2001-08-20,5.93,5.999,5.888999999999999,5.937,2541.83
2001-08-21,5.957999999999999,5.992000000000001,5.888999999999999,5.93,2793.66
2001-08-22,5.771,5.992000000000001,5.757000000000001,5.944,5989.67
2001-08-23,5.819,5.909,5.625,5.75,4581.24
2001-08-24,5.957999999999999,6.0760000000000005,5.805,5.819,16880.11
2001-08-27,6.082000000000001,6.103,5.819,5.895,20873.86
2001-08-28,6.228,6.249,5.972,6.027,32825.78
2001-08-29,6.166,6.29,6.152,6.276,14115.02
2001-08-30,6.353,6.415,6.124,6.166,29953.66
2001-08-31,6.325,6.38,6.29,6.372999999999999,12330.62
2001-09-03,6.186,6.372999999999999,6.138,6.318,9456.46
2001-09-04,6.436,6.477,6.152,6.186,19711.1
2001-09-05,6.401,6.477,6.394,6.443,20688.14
2001-09-06,6.367000000000001,6.443,6.29,6.415,11160.97
2001-09-07,6.027,6.372999999999999,6.027,6.372999999999999,12461.37
2001-09-10,6.2,6.27,5.909,5.957999999999999,6267.15
2001-09-11,6.166,6.235,6.152,6.235,5797.78
2001-09-12,6.069,6.178999999999999,5.895,6.027,8173.0
2001-09-13,6.152,6.27,6.069,6.069,6985.7
2001-09-14,6.055,6.228,6.02,6.228,6714.08
2001-09-17,5.916,6.096,5.902,6.096,6455.78
2001-09-18,5.957999999999999,6.027,5.854,5.957999999999999,6178.75
2001-09-19,6.047999999999999,6.062,5.916,5.992000000000001,1713.3
2001-09-20,5.992000000000001,6.235,5.992000000000001,6.062,12826.02
2001-09-21,6.0760000000000005,6.318,5.922999999999999,6.166,15857.93
2001-09-24,6.034,6.193,5.999,5.999,3509.83
2001-09-25,6.117000000000001,6.145,6.034,6.034,4616.35
2001-09-26,6.047999999999999,6.11,5.992000000000001,6.11,5205.97
2001-09-27,5.999,6.117000000000001,5.922999999999999,6.055,4654.43
2001-09-28,5.93,6.062,5.895,5.957999999999999,5432.5
2001-10-08,5.611000000000001,5.972,5.604,5.93,8906.5
2001-10-09,5.771,5.778,5.598,5.611000000000001,5455.97
2001-10-10,5.473,5.771,5.459,5.771,7316.88
2001-10-11,5.154,5.542000000000001,5.113,5.48,7956.11
2001-10-12,5.404,5.466,5.064,5.1610000000000005,7559.74
2001-10-15,5.362,5.473,5.257999999999999,5.4239999999999995,4160.5
2001-10-16,5.265,5.4110000000000005,5.2170000000000005,5.397,2505.9
2001-10-17,5.085,5.257999999999999,5.05,5.23,6560.98
2001-10-18,4.842,5.113,4.822,5.078,6895.26
2001-10-19,4.538,4.919,4.538,4.849,12292.02
2001-10-22,4.33,4.6419999999999995,4.33,4.538,7181.7
2001-10-23,4.766,4.766,4.648,4.7589999999999995,13811.27
2001-10-24,5.182,5.244,4.974,5.023,26474.65
2001-10-25,4.953,5.182,4.863,5.182,14414.35
2001-10-26,4.801,5.043,4.752,4.933,15921.6
2001-10-29,4.974,4.974,4.801,4.801,9871.37
2001-10-30,4.953,5.043,4.919,5.043,4097.85
2001-10-31,4.981,4.981,4.836,4.946000000000001,4147.58
2001-11-01,5.0569999999999995,5.113,4.974,4.981,7052.39
2001-11-02,4.995,5.175,4.988,5.071000000000001,8880.15
2001-11-05,5.0360000000000005,5.05,4.933,4.988,3567.95
2001-11-06,4.96,5.071000000000001,4.96,5.0360000000000005,3065.0
2001-11-07,4.69,4.96,4.6419999999999995,4.919,8796.9
2001-11-08,4.711,4.739,4.461,4.6419999999999995,5984.14
2001-11-09,4.787,4.815,4.628,4.676,3795.61
2001-11-12,4.752,4.87,4.718,4.815,2884.62
2001-11-13,4.725,4.732,4.648,4.662,2776.27
2001-11-14,4.766,4.78,4.725,4.725,1949.03
2001-11-15,4.6419999999999995,4.815,4.572,4.815,7308.17
2001-11-16,4.745,5.078,4.739,5.043,13186.37
2001-11-19,4.829,4.836,4.718,4.745,2790.05
2001-11-20,4.967,4.995,4.849,4.849,9006.21
2001-11-21,5.023,5.078,4.926,4.967,8614.06
2001-11-22,5.023,5.0569999999999995,4.946000000000001,4.988,6693.57
2001-11-23,5.23,5.251,4.988,5.023,28138.12
2001-11-26,5.2860000000000005,5.334,5.196000000000001,5.23,28105.34
2001-11-27,5.334,5.348,5.21,5.334,15336.07
2001-11-28,5.348,5.39,5.307,5.39,18080.57
2001-11-29,5.307,5.369,5.2860000000000005,5.369,15159.32
2001-11-30,5.404,5.438,5.307,5.314,12266.39
2001-12-03,5.4110000000000005,5.438,5.369,5.438,9520.59
2001-12-04,5.591,5.646,5.362,5.4239999999999995,22480.6
2001-12-05,5.521,5.617999999999999,5.507999999999999,5.542000000000001,17408.02
2001-12-06,5.729,5.805,5.48,5.507999999999999,33224.97
2001-12-07,5.722,5.84,5.715,5.763999999999999,23864.1
2001-12-10,5.707999999999999,5.785,5.632000000000001,5.715,15175.97
2001-12-11,5.556,5.729,5.542000000000001,5.707999999999999,17131.41
2001-12-12,5.5489999999999995,5.66,5.521,5.5489999999999995,18171.95
2001-12-13,5.445,5.611000000000001,5.438,5.5489999999999995,13835.1
2001-12-14,5.348,5.507999999999999,5.341,5.417000000000001,9338.99
2001-12-17,5.292999999999999,5.404,5.2860000000000005,5.348,5199.94
2001-12-18,5.487,5.542000000000001,5.292999999999999,5.292999999999999,11924.38
2001-12-19,5.507999999999999,5.653,5.473,5.513999999999999,15308.17
2001-12-20,5.452000000000001,5.521,5.417000000000001,5.513999999999999,8287.15
2001-12-21,5.48,5.487,5.417000000000001,5.438,4104.23
2001-12-24,5.4239999999999995,5.695,5.382999999999999,5.513999999999999,13702.18
2001-12-25,5.445,5.507999999999999,5.362,5.4239999999999995,3890.43
2001-12-26,5.513999999999999,5.542000000000001,5.369,5.452000000000001,4565.48
2001-12-27,5.4239999999999995,5.563,5.404,5.542000000000001,3985.0
2001-12-28,5.32,5.494,5.189,5.438,12197.0
2001-12-31,5.32,5.348,5.223,5.334,6037.75
2002-01-04,5.154,5.334,5.099,5.334,6308.5
2002-01-07,5.12,5.175,5.071000000000001,5.126,2790.36
2002-01-08,5.106,5.196000000000001,5.099,5.113,1771.67
2002-01-09,4.995,5.106,4.974,5.099,4356.64
2002-01-10,5.085,5.14,4.8839999999999995,4.974,6985.86
2002-01-11,4.905,5.085,4.8839999999999995,5.085,2718.87
2002-01-14,4.732,4.8839999999999995,4.711,4.8839999999999995,3580.19
2002-01-15,4.648,4.794,4.6419999999999995,4.704,3357.16
2002-01-16,4.78,4.815,4.635,4.635,5037.07
2002-01-17,4.531000000000001,4.78,4.51,4.7589999999999995,5265.76
2002-01-18,4.316,4.5169999999999995,4.122,4.51,15417.6
2002-01-21,4.087,4.295,4.053,4.281000000000001,9174.49
2002-01-22,3.949,4.2330000000000005,3.907,4.08,7961.96
2002-01-23,4.302,4.33,3.8169999999999997,3.949,11748.65
2002-01-24,4.378,4.468,4.164,4.302,13444.56
2002-01-25,4.323,4.468,4.295,4.364,6382.81
2002-01-28,4.046,4.503,4.032,4.226,16451.96
2002-01-29,4.212,4.261,3.983,4.018,13928.04
2002-01-30,4.295,4.399,4.164,4.164,9886.2
2002-01-31,4.6419999999999995,4.711,4.378,4.399,22763.28
2002-02-01,4.614,4.704,4.558,4.628,12707.71
2002-02-04,4.669,4.669,4.482,4.614,7925.74
2002-02-05,4.648,4.7589999999999995,4.593,4.676,14400.83
2002-02-06,4.455,4.655,4.441,4.6419999999999995,9792.9
2002-02-07,4.503,4.572,4.434,4.434,5467.9
2002-02-08,4.482,4.621,4.468,4.607,6130.7
2002-02-25,4.558,4.6419999999999995,4.489,4.6419999999999995,13594.64
2002-02-26,4.801,4.808,4.558,4.558,22946.47
2002-02-27,4.794,4.815,4.725,4.801,12305.7
2002-02-28,4.711,4.822,4.676,4.801,12044.03
2002-03-01,4.648,4.718,4.614,4.718,6138.32
2002-03-04,4.766,4.766,4.614,4.635,5108.79
2002-03-05,4.842,4.877,4.711,4.7589999999999995,17950.55
2002-03-06,4.939,5.078,4.836,4.849,30271.13
2002-03-07,5.0360000000000005,5.0360000000000005,4.905,4.939,15724.15
2002-03-08,5.126,5.251,5.023,5.0569999999999995,29555.13
2002-03-11,5.348,5.362,5.0569999999999995,5.0569999999999995,28566.28
2002-03-12,5.535,5.75,5.487,5.507999999999999,102800.68
2002-03-13,5.257999999999999,5.57,5.251,5.473,27511.11
2002-03-14,5.494,5.542000000000001,5.202999999999999,5.202999999999999,19175.43
2002-03-15,5.21,5.528,5.202999999999999,5.494,18061.15
2002-03-18,5.244,5.417000000000001,5.196000000000001,5.348,11124.21
2002-03-19,5.382999999999999,5.404,5.23,5.237,8078.95
2002-03-20,5.39,5.417000000000001,5.3,5.382999999999999,15775.0
2002-03-21,5.382999999999999,5.487,5.341,5.397,13316.32
2002-03-22,5.2860000000000005,5.431,5.251,5.369,9227.92
2002-03-25,5.32,5.404,5.251,5.265,9501.28
2002-03-26,5.1610000000000005,5.307,5.113,5.3,13079.12
2002-03-27,5.196000000000001,5.202999999999999,5.113,5.126,6638.86
2002-03-28,5.182,5.244,5.132999999999999,5.196000000000001,6170.17
2002-03-29,4.96,5.1610000000000005,4.926,5.126,13173.0
2002-04-01,4.988,5.0089999999999995,4.905,4.919,7180.44
2002-04-02,4.926,5.016,4.905,4.953,4782.98
2002-04-03,4.995,5.002,4.919,4.919,4049.14
2002-04-04,5.494,5.494,4.919,4.981,51076.74
2002-04-05,5.48,6.013,5.473,5.681,126623.23
2002-04-08,6.027,6.027,5.348,5.438,153120.16
2002-04-09,5.999,6.235,5.902,6.027,190621.61
2002-04-10,5.979,6.193,5.922999999999999,5.999,87853.44
2002-04-11,5.832999999999999,6.013,5.771,6.006,61749.1
2002-04-12,5.797999999999999,5.902,5.722,5.832999999999999,37600.85
2002-04-15,5.888999999999999,5.922999999999999,5.75,5.771,24965.31
2002-04-16,5.797999999999999,5.909,5.75,5.861000000000001,19921.12
2002-04-17,5.792000000000001,5.882000000000001,5.729,5.84,13408.48
2002-04-18,5.729,5.888999999999999,5.722,5.797999999999999,20971.45
2002-04-19,5.535,5.75,5.341,5.736000000000001,48588.22
2002-04-22,5.445,5.535,5.4110000000000005,5.507999999999999,10951.97
2002-04-23,5.382999999999999,5.507999999999999,5.369,5.473,14856.49
2002-04-25,5.307,5.382999999999999,5.237,5.341,13287.34
2002-04-26,5.563,5.598,5.417000000000001,5.459,16287.66
2002-04-29,5.66,5.763999999999999,5.57,5.598,20864.54
2002-04-30,5.617999999999999,5.736000000000001,5.57,5.715,16539.3
2002-05-08,5.487,5.6739999999999995,5.459,5.6739999999999995,14326.25
2002-05-09,5.598,5.681,5.459,5.459,14363.15
2002-05-10,5.4110000000000005,5.598,5.404,5.591,14878.04
2002-05-13,5.431,5.473,5.341,5.404,7799.38
2002-05-14,5.382999999999999,5.466,5.369,5.438,7310.58
2002-05-15,5.39,5.452000000000001,5.334,5.39,6690.47
2002-05-16,5.175,5.382999999999999,5.14,5.382999999999999,15377.88
2002-05-17,5.2170000000000005,5.3,5.092,5.175,15863.19
2002-05-20,5.064,5.202999999999999,5.023,5.202999999999999,7797.9
2002-05-21,5.292999999999999,5.404,5.167999999999999,5.196000000000001,17583.99
2002-05-22,5.175,5.327000000000001,5.167999999999999,5.292999999999999,7589.35
2002-05-23,5.279,5.4110000000000005,5.2170000000000005,5.237,12356.18
2002-05-24,5.32,5.39,5.202999999999999,5.265,13575.33
2002-05-27,5.4110000000000005,5.431,5.272,5.369,9619.66
2002-05-28,5.314,5.459,5.3,5.438,7932.42
2002-05-29,5.189,5.334,5.147,5.314,10245.5
2002-05-30,5.21,5.279,5.14,5.21,5995.89
2002-05-31,5.167999999999999,5.257999999999999,5.154,5.21,6489.57
2002-06-03,4.974,5.14,4.974,5.113,10245.0
2002-06-04,5.015,5.099,4.988,5.022,6526.75
2002-06-05,4.835,5.0569999999999995,4.828,5.001,7040.9
2002-06-06,5.182,5.272,4.828,4.828,13245.86
2002-06-07,5.202999999999999,5.292999999999999,5.078,5.182,14884.9
2002-06-10,5.132999999999999,5.21,5.092,5.147,5447.09
2002-06-11,5.231,5.349,5.126,5.126,11391.55
2002-06-12,5.167999999999999,5.2379999999999995,5.126,5.21,5513.75
2002-06-13,5.126,5.231,5.126,5.182,3188.0
2002-06-14,5.008,5.126,5.001,5.106,5442.46
2002-06-17,5.029,5.029,4.9319999999999995,4.974,4563.61
2002-06-18,5.14,5.182,5.0360000000000005,5.0360000000000005,5664.17
2002-06-19,5.113,5.182,5.106,5.14,3020.24
2002-06-20,5.224,5.272,5.14,5.147,8857.3
2002-06-21,5.502000000000001,5.599,5.245,5.245,47779.08
2002-06-24,6.05,6.05,5.779,6.05,94156.95
2002-06-25,6.0089999999999995,6.321000000000001,5.9110000000000005,6.05,90157.5
2002-06-26,6.175,6.314,5.939,5.974,75012.88
2002-06-27,6.182,6.321000000000001,6.1129999999999995,6.252000000000001,38658.83
2002-06-28,6.099,6.224,5.946000000000001,6.167999999999999,39189.7
2002-07-01,5.96,6.1129999999999995,5.946000000000001,6.05,17451.36
2002-07-02,6.1129999999999995,6.167999999999999,5.807,5.904,23105.92
2002-07-03,6.106,6.167999999999999,6.0360000000000005,6.167999999999999,11370.53
2002-07-04,6.05,6.127000000000001,6.03,6.099,16363.87
2002-07-05,6.0360000000000005,6.148,5.925,6.0089999999999995,14350.6
2002-07-08,6.016,6.085,6.002000000000001,6.0360000000000005,12052.35
2002-07-09,6.099,6.1129999999999995,6.016,6.042999999999999,10513.41
2002-07-10,6.0089999999999995,6.0920000000000005,5.9670000000000005,6.016,9939.58
2002-07-11,5.9110000000000005,6.05,5.856,6.0089999999999995,13384.42
2002-07-12,5.904,5.974,5.891,5.904,6818.88
2002-07-15,5.807,5.904,5.8,5.8839999999999995,7483.2
2002-07-16,5.807,5.904,5.772,5.772,7318.58
2002-07-17,5.9110000000000005,5.939,5.7860000000000005,5.849,4169.93
2002-07-18,5.925,5.9879999999999995,5.849,5.904,8625.24
2002-07-19,5.974,6.023,5.891,5.932,8800.96
2002-07-22,5.814,5.974,5.7860000000000005,5.946000000000001,10099.01
2002-07-23,5.8,5.87,5.772,5.814,6737.72
2002-07-24,5.731,5.835,5.682,5.821000000000001,6626.18
2002-07-25,5.627000000000001,5.8,5.6129999999999995,5.745,11131.16
2002-07-26,5.5920000000000005,5.696000000000001,5.585,5.696000000000001,8141.42
2002-07-29,5.689,5.689,5.5920000000000005,5.5920000000000005,4654.56
2002-07-30,5.696000000000001,5.731,5.6610000000000005,5.689,4367.86
2002-07-31,5.599,5.702999999999999,5.585,5.689,5485.87
2002-08-01,5.62,5.6610000000000005,5.564,5.585,4763.21
2002-08-02,5.641,5.647,5.557,5.647,5974.17
2002-08-05,5.62,5.641,5.599,5.641,2157.96
2002-08-06,5.702999999999999,5.772,5.5920000000000005,5.62,12223.69
2002-08-07,5.689,5.724,5.6610000000000005,5.675,4612.81
2002-08-08,5.689,5.7379999999999995,5.675,5.689,5040.8
2002-08-09,5.641,5.71,5.62,5.696000000000001,3378.41
2002-08-12,5.675,5.682,5.571000000000001,5.599,2970.53
2002-08-13,5.724,5.779,5.6610000000000005,5.6610000000000005,6959.92
2002-08-14,5.752000000000001,5.752000000000001,5.689,5.724,2269.67
2002-08-15,5.689,5.745,5.667999999999999,5.745,1661.69
2002-08-16,5.689,5.731,5.627000000000001,5.6610000000000005,4229.11
2002-08-19,5.667999999999999,5.731,5.6610000000000005,5.7170000000000005,1862.94
2002-08-20,5.7379999999999995,5.7589999999999995,5.6339999999999995,5.682,4981.2
2002-08-21,5.7589999999999995,5.8,5.731,5.7379999999999995,3322.22
2002-08-22,5.8,5.849,5.752000000000001,5.766,7202.22
2002-08-23,5.792999999999999,5.849,5.772,5.827999999999999,2766.0
2002-08-26,5.696000000000001,5.792999999999999,5.689,5.792999999999999,4384.25
2002-08-27,5.689,5.745,5.647,5.696000000000001,6217.21
2002-08-28,5.682,5.731,5.682,5.689,2496.82
2002-08-29,5.641,5.7170000000000005,5.627000000000001,5.682,4631.95
2002-08-30,5.647,5.675,5.627000000000001,5.641,2402.18
2002-09-02,5.654,5.682,5.647,5.6610000000000005,1824.25
2002-09-03,5.682,5.724,5.667999999999999,5.667999999999999,1761.45
2002-09-04,5.682,5.7170000000000005,5.6610000000000005,5.689,1971.15
2002-09-05,5.599,5.682,5.577999999999999,5.682,4193.0
2002-09-06,5.522,5.6339999999999995,5.502000000000001,5.5920000000000005,6646.0
2002-09-09,5.46,5.529,5.446000000000001,5.522,4558.1
2002-09-10,5.4670000000000005,5.529,5.452999999999999,5.452999999999999,1624.0
2002-09-11,5.4670000000000005,5.4879999999999995,5.417999999999999,5.474,2516.65
2002-09-12,5.474,5.5089999999999995,5.417999999999999,5.439,1783.95
2002-09-13,5.452999999999999,5.4879999999999995,5.425,5.4879999999999995,1489.85
2002-09-16,5.382999999999999,5.474,5.37,5.452999999999999,2746.5
2002-09-17,5.404,5.432,5.321000000000001,5.382999999999999,2452.62
2002-09-18,5.3629999999999995,5.425,5.349,5.404,1692.5
2002-09-19,5.4879999999999995,5.564,5.314,5.3629999999999995,4839.05
2002-09-20,5.432,5.502000000000001,5.404,5.4879999999999995,2615.48
2002-09-23,5.432,5.4670000000000005,5.39,5.39,2168.86
2002-09-24,5.397,5.4879999999999995,5.377000000000001,5.452999999999999,1851.84
2002-09-25,5.404,5.452999999999999,5.3629999999999995,5.397,2775.68
2002-09-26,5.397,5.481,5.39,5.404,2951.44
2002-09-27,5.452999999999999,5.4879999999999995,5.382999999999999,5.425,6816.69
2002-10-08,5.606,5.627000000000001,5.417999999999999,5.452999999999999,16209.92
2002-10-09,5.627000000000001,5.682,5.542999999999999,5.6129999999999995,22159.61
2002-10-10,5.71,5.779,5.5920000000000005,5.5920000000000005,33938.39
2002-10-11,5.696000000000001,5.766,5.6610000000000005,5.752000000000001,17524.8
2002-10-14,5.731,5.766,5.599,5.667999999999999,18431.35
2002-10-15,5.654,5.731,5.627000000000001,5.696000000000001,8151.22
2002-10-16,5.8839999999999995,6.21,5.654,5.6610000000000005,89267.66
2002-10-17,5.849,5.939,5.766,5.8420000000000005,39563.25
2002-10-18,6.042999999999999,6.085,5.835,5.835,76332.16
2002-10-21,6.0920000000000005,6.1129999999999995,5.96,6.0089999999999995,41148.2
2002-10-22,6.0920000000000005,6.155,6.0089999999999995,6.0920000000000005,39353.01
2002-10-23,6.127000000000001,6.148,5.9110000000000005,6.03,44451.59
2002-10-24,6.0360000000000005,6.182,6.03,6.127000000000001,34665.08
2002-10-25,5.974,6.077999999999999,5.904,6.016,30092.65
2002-10-28,5.9670000000000005,6.05,5.9110000000000005,5.96,20522.14
2002-10-29,5.772,6.0360000000000005,5.745,5.9879999999999995,28185.13
2002-10-30,5.849,5.904,5.71,5.752000000000001,18271.92
2002-10-31,5.7589999999999995,5.898,5.731,5.835,12328.11
2002-11-01,5.821000000000001,5.821000000000001,5.7170000000000005,5.752000000000001,9149.89
2002-11-04,5.8629999999999995,5.904,5.7860000000000005,5.835,13322.75
2002-11-05,5.9879999999999995,6.1129999999999995,5.877000000000001,5.877000000000001,42722.03
2002-11-06,6.064,6.099,5.939,5.974,28492.8
2002-11-07,5.981,6.085,5.939,6.064,17308.94
2002-11-08,5.745,6.155,5.731,6.042999999999999,22547.32
2002-11-11,5.702999999999999,5.8629999999999995,5.682,5.772,16140.89
2002-11-12,5.417999999999999,5.766,5.382999999999999,5.71,33940.71
2002-11-13,5.439,5.4879999999999995,5.202999999999999,5.417999999999999,23794.49
2002-11-14,5.202999999999999,5.417999999999999,5.196000000000001,5.37,17895.21
2002-11-15,5.202999999999999,5.327999999999999,5.078,5.14,11129.53
2002-11-18,5.2170000000000005,5.272,5.132999999999999,5.202999999999999,6496.93
2002-11-19,5.292999999999999,5.335,5.21,5.2170000000000005,5797.43
2002-11-20,5.008,5.279,5.001,5.279,13166.53
2002-11-21,4.89,5.0360000000000005,4.863,5.008,11069.03
2002-11-22,4.925,5.001,4.863,5.001,8374.89
2002-11-25,4.981,5.022,4.876,4.9319999999999995,6304.06
2002-11-26,4.71,5.022,4.6610000000000005,4.981,8009.99
2002-11-27,4.633,4.717,4.494,4.619,12757.53
2002-11-28,4.869,4.897,4.605,4.619,9964.66
2002-11-29,5.064,5.279,4.849,4.897,28764.8
2002-12-02,4.904,5.099,4.897,5.0360000000000005,9841.59
2002-12-03,5.015,5.029,4.863,4.869,5872.2
2002-12-04,5.029,5.265,5.015,5.126,21503.86
2002-12-05,4.967,5.015,4.869,4.974,10247.05
2002-12-06,4.988,5.099,4.918,4.9319999999999995,7170.16
2002-12-09,5.0360000000000005,5.05,4.974,4.988,4171.95
2002-12-10,4.869,5.043,4.863,5.008,6803.7
2002-12-11,4.897,4.9110000000000005,4.8069999999999995,4.869,5870.55
2002-12-12,4.897,4.981,4.883,4.897,4340.64
2002-12-13,4.96,5.015,4.8069999999999995,4.828,5304.71
2002-12-16,4.981,5.008,4.946000000000001,4.96,6497.17
2002-12-17,5.015,5.0569999999999995,4.967,4.988,5765.48
2002-12-18,4.974,5.085,4.863,5.071000000000001,10925.25
2002-12-19,5.001,5.022,4.9319999999999995,4.946000000000001,4650.18
2002-12-20,5.001,5.0569999999999995,4.96,4.981,9721.79
2002-12-23,5.0569999999999995,5.147,5.015,5.015,14221.35
2002-12-24,5.043,5.071000000000001,4.981,5.0569999999999995,7003.82
2002-12-25,4.981,5.043,4.974,4.988,4623.0
2002-12-26,4.744,4.981,4.744,4.981,16202.02
2002-12-27,4.737,4.828,4.717,4.724,8075.87
2002-12-30,4.626,4.731,4.619,4.724,5423.63
2002-12-31,4.592,4.6819999999999995,4.585,4.654,5295.89
2003-01-02,4.522,4.633,4.515,4.522,5053.42
2003-01-03,4.564,4.578,4.515,4.578,2742.05
2003-01-06,4.647,4.654,4.5360000000000005,4.585,3214.66
2003-01-07,4.619,4.703,4.585,4.654,3755.84
2003-01-08,4.737,4.758,4.619,4.619,3913.53
2003-01-09,4.828,4.883,4.668,4.779,16277.95
2003-01-10,4.779,4.925,4.779,4.828,12675.42
2003-01-13,4.863,4.897,4.724,4.724,7063.5
2003-01-14,5.078,5.175,4.849,4.863,26389.58
2003-01-15,5.175,5.382999999999999,5.106,5.167999999999999,45959.77
2003-01-16,5.257999999999999,5.279,5.1610000000000005,5.252000000000001,23180.84
2003-01-17,5.132999999999999,5.2379999999999995,5.085,5.2170000000000005,15154.23
2003-01-20,5.245,5.265,5.0569999999999995,5.099,14225.58
2003-01-21,5.085,5.272,5.085,5.252000000000001,8462.99
2003-01-22,5.085,5.113,5.022,5.0360000000000005,7091.86
2003-01-23,5.015,5.106,5.015,5.071000000000001,5795.0
2003-01-24,5.078,5.12,4.946000000000001,5.001,6944.93
2003-01-27,5.175,5.175,5.05,5.078,9640.1
2003-01-28,5.21,5.272,5.1610000000000005,5.196000000000001,15907.09
2003-01-29,5.147,5.21,5.132999999999999,5.21,11039.08
2003-02-10,5.064,5.132999999999999,5.043,5.126,3412.0
2003-02-11,5.071000000000001,5.12,5.0360000000000005,5.0569999999999995,3477.41
2003-02-12,5.1610000000000005,5.182,5.064,5.085,5096.69
2003-02-13,5.132999999999999,5.265,5.132999999999999,5.189,10858.14
2003-02-14,5.154,5.21,5.126,5.132999999999999,4810.71
2003-02-17,5.321000000000001,5.335,5.147,5.175,37550.83
2003-02-18,5.382999999999999,5.577999999999999,5.21,5.425,55896.94
2003-02-19,5.404,5.417999999999999,5.307,5.349,17118.56
2003-02-20,5.4110000000000005,5.4670000000000005,5.321000000000001,5.382999999999999,17303.52
2003-02-21,5.252000000000001,5.4110000000000005,5.245,5.4110000000000005,16829.62
2003-02-24,5.231,5.279,5.182,5.21,9185.37
2003-02-25,5.397,5.404,5.21,5.21,19757.32
2003-02-26,5.46,5.4670000000000005,5.307,5.404,18349.55
2003-02-27,5.439,5.522,5.425,5.474,20500.69
2003-02-28,5.4110000000000005,5.46,5.335,5.46,9194.34
2003-03-03,5.515,5.5360000000000005,5.382999999999999,5.46,18172.11
2003-03-04,5.4670000000000005,5.522,5.417999999999999,5.515,7312.01
2003-03-05,5.425,5.452999999999999,5.377000000000001,5.432,6253.48
2003-03-06,5.307,5.4110000000000005,5.2860000000000005,5.404,8709.37
2003-03-07,5.272,5.349,5.265,5.279,6720.0
2003-03-10,5.1610000000000005,5.279,5.14,5.252000000000001,8255.36
2003-07-31,4.689,5.3,4.647,5.1610000000000005,41615.23
2003-08-01,4.467,4.689,4.2860000000000005,4.689,30006.81
2003-08-04,4.494,4.522,4.2860000000000005,4.397,19329.79
2003-08-05,4.474,4.5360000000000005,4.376,4.467,13906.08
2003-08-06,4.446000000000001,4.494,4.383,4.467,10000.61
2003-08-07,4.619,4.64,4.4110000000000005,4.474,23589.09
2003-08-08,4.453,4.64,4.4319999999999995,4.599,11166.14
2003-08-11,4.474,4.474,4.383,4.4319999999999995,4999.48
2003-08-12,4.446000000000001,4.508,4.418,4.446000000000001,2887.93
2003-08-13,4.397,4.501,4.383,4.446000000000001,4045.0
2003-08-14,4.2860000000000005,4.439,4.272,4.404,7855.4
2003-08-15,4.133,4.2860000000000005,4.126,4.237,9388.92
2003-08-18,4.105,4.189,4.098,4.098,6279.06
2003-08-19,4.154,4.154,4.071000000000001,4.098,6598.97
2003-08-20,4.105,4.168,4.0569999999999995,4.154,5267.6
2003-08-21,4.133,4.154,4.098,4.105,2773.49
2003-08-22,4.105,4.154,4.098,4.133,2492.0
2003-08-25,3.946,4.064,3.918,4.064,5800.9
2003-08-26,4.008,4.015,3.925,3.932,5047.52
2003-08-27,4.1819999999999995,4.265,4.015,4.015,15852.52
2003-08-28,4.071000000000001,4.216,4.071000000000001,4.1819999999999995,7017.0
2003-08-29,4.085,4.119,4.029,4.078,2580.89
2003-09-02,4.196000000000001,4.397,4.1819999999999995,4.223,20040.18
2003-09-03,4.258,4.342,4.105,4.175,9144.42
2003-09-04,4.3069999999999995,4.362,4.23,4.23,11555.36
2003-09-05,4.328,4.453,4.272,4.348,23599.58
2003-09-08,4.23,4.321000000000001,4.196000000000001,4.3069999999999995,7695.7
2003-09-09,4.168,4.258,4.154,4.203,5517.5
2003-09-10,4.091,4.1819999999999995,4.078,4.154,5127.88
2003-09-11,4.098,4.14,4.0569999999999995,4.091,3369.33
2003-09-12,3.9730000000000003,4.105,3.966,4.105,4978.0
2003-09-15,4.2860000000000005,4.369,3.98,3.98,59825.21
2003-09-16,4.293,4.328,4.175,4.258,26339.12
2003-09-17,4.168,4.279,4.1610000000000005,4.265,14119.62
2003-09-18,4.328,4.4319999999999995,4.168,4.237,33747.51
2003-09-19,4.335,4.362,4.258,4.328,11919.73
2003-09-22,4.258,4.362,4.23,4.335,10131.81
2003-09-23,4.3069999999999995,4.328,4.196000000000001,4.258,10634.18
2003-09-24,4.425,4.439,4.258,4.3069999999999995,28613.56
2003-09-25,4.335,4.418,4.2860000000000005,4.4110000000000005,18096.33
2003-09-26,4.2860000000000005,4.425,4.265,4.355,11737.6
2003-09-29,4.203,4.2860000000000005,4.1610000000000005,4.2860000000000005,10251.85
2003-09-30,4.196000000000001,4.244,4.085,4.203,8264.53
2003-10-08,4.189,4.216,4.126,4.196000000000001,4560.46
2003-10-09,4.189,4.237,4.147,4.189,3508.53
2003-10-10,4.293,4.335,4.147,4.189,10917.03
2003-10-13,4.265,4.348,4.23,4.293,8294.43
2003-10-14,4.175,4.251,4.1610000000000005,4.251,10844.7
2003-10-15,4.196000000000001,4.348,4.175,4.1819999999999995,9324.9
2003-10-16,4.071000000000001,4.203,4.05,4.168,8352.39
2003-10-17,4.0360000000000005,4.091,3.9589999999999996,4.078,9838.0
2003-10-21,3.932,4.071000000000001,3.862,4.043,10935.59
2003-10-22,4.098,4.154,3.9389999999999996,3.9530000000000003,11813.67
2003-10-23,3.9939999999999998,4.098,3.966,4.098,8157.3
2003-10-24,4.126,4.272,4.029,4.0569999999999995,26043.37
2003-10-27,4.022,4.14,3.987,4.126,9094.76
2003-10-28,4.001,4.098,3.932,4.015,6299.6
2003-10-29,3.821,4.0569999999999995,3.8,4.0569999999999995,15681.63
2003-10-30,3.529,3.855,3.508,3.8480000000000003,14354.65
2003-10-31,3.57,3.668,3.5010000000000003,3.508,7180.57
2003-11-03,3.633,3.64,3.5010000000000003,3.577,4959.98
2003-11-04,3.654,3.765,3.5980000000000003,3.633,12741.71
2003-11-05,3.57,3.716,3.543,3.675,8802.56
2003-11-06,3.32,3.577,3.307,3.57,14113.12
2003-11-07,3.188,3.265,3.043,3.265,14419.08
2003-11-10,3.175,3.202,3.1260000000000003,3.1260000000000003,4669.05
2003-11-11,3.147,3.188,3.0839999999999996,3.181,4724.35
2003-11-12,3.077,3.154,3.056,3.154,4349.94
2003-11-13,3.161,3.195,3.043,3.077,5187.5
2003-11-14,3.272,3.313,3.1260000000000003,3.1260000000000003,9584.69
2003-11-17,3.195,3.272,3.181,3.272,5280.26
2003-11-18,3.154,3.2230000000000003,3.133,3.195,3674.0
2003-11-19,3.265,3.313,3.14,3.14,10112.25
2003-11-20,3.445,3.4589999999999996,3.265,3.272,19380.85
2003-11-21,3.327,3.5980000000000003,3.3,3.4730000000000003,20918.33
2003-11-24,3.48,3.5010000000000003,3.307,3.3339999999999996,13237.48
2003-11-25,3.591,3.682,3.4589999999999996,3.48,30902.3
2003-11-26,3.7089999999999996,3.737,3.515,3.577,24700.91
2003-11-27,3.57,3.821,3.55,3.786,34957.23
2003-11-28,3.605,3.633,3.536,3.5639999999999996,11111.86
2003-12-01,3.668,3.675,3.605,3.633,11294.65
2003-12-02,3.5839999999999996,3.682,3.577,3.682,13805.74
2003-12-03,3.612,3.668,3.5639999999999996,3.577,10312.22
2003-12-04,3.737,3.786,3.577,3.577,22988.03
2003-12-05,3.702,3.779,3.668,3.737,11166.08
2003-12-08,3.577,3.737,3.57,3.716,10469.0
2003-12-09,3.591,3.5980000000000003,3.515,3.577,5503.47
2003-12-10,3.661,3.668,3.5980000000000003,3.5980000000000003,7937.97
2003-12-11,3.682,3.682,3.591,3.668,10163.98
2003-12-12,3.786,3.793,3.675,3.675,28610.01
2003-12-15,4.168,4.168,3.946,3.9939999999999998,76092.11
2003-12-16,4.251,4.578,4.203,4.3069999999999995,155325.54
2003-12-17,4.078,4.348,4.043,4.175,61419.7
2003-12-18,3.904,4.085,3.841,3.9589999999999996,41614.62
2003-12-19,4.0360000000000005,4.189,3.904,3.918,54167.4
2003-12-22,3.918,4.008,3.633,3.9589999999999996,51643.88
2003-12-23,3.932,4.008,3.793,3.8760000000000003,29279.93
2003-12-24,3.883,4.001,3.8339999999999996,3.855,20721.16
2003-12-25,3.966,3.987,3.855,3.8689999999999998,17520.55
2003-12-26,3.855,4.001,3.841,4.001,15362.49
2003-12-29,3.682,3.821,3.682,3.8,18086.28
2003-12-30,3.73,3.8,3.682,3.682,9289.14
2003-12-31,3.696,3.772,3.6889999999999996,3.73,7185.34
2004-01-02,3.7510000000000003,3.779,3.6889999999999996,3.696,8180.81
2004-01-05,3.64,3.737,3.543,3.716,26067.8
2004-01-06,3.661,3.668,3.515,3.612,29733.31
2004-01-07,3.7439999999999998,3.772,3.612,3.661,21694.97
2004-01-08,3.779,3.8139999999999996,3.654,3.7230000000000003,20228.87
2004-01-09,3.737,3.9530000000000003,3.702,3.779,26555.73
2004-01-12,3.772,3.779,3.682,3.73,12295.19
2004-01-13,3.883,3.9389999999999996,3.7230000000000003,3.772,24674.29
2004-01-14,3.807,3.897,3.786,3.89,10521.28
2004-01-15,3.73,3.8339999999999996,3.682,3.793,11549.24
2004-01-16,3.793,3.911,3.737,3.737,16202.71
2004-01-29,3.925,3.925,3.682,3.682,14011.15
2004-01-30,4.091,4.133,3.918,3.925,39181.21
2004-02-02,4.098,4.21,3.987,4.091,33475.28
2004-02-03,4.1610000000000005,4.1819999999999995,4.064,4.098,23380.31
2004-02-04,4.251,4.348,4.168,4.168,28980.19
2004-02-05,4.328,4.342,4.189,4.3069999999999995,27681.73
2004-02-06,4.196000000000001,4.342,4.189,4.328,27541.27
2004-02-09,4.265,4.293,4.1819999999999995,4.189,19092.73
2004-02-10,4.453,4.599,4.237,4.265,68992.29
2004-02-11,4.4110000000000005,4.467,4.293,4.46,34747.07
2004-02-12,4.383,4.46,4.321000000000001,4.4110000000000005,24056.52
2004-02-13,4.342,4.425,4.335,4.39,19912.49
2004-02-16,4.522,4.529,4.376,4.376,32290.11
2004-02-17,4.487,4.571000000000001,4.453,4.5360000000000005,27448.85
2004-02-18,4.5569999999999995,4.592,4.39,4.494,42323.58
2004-02-19,4.64,4.668,4.487,4.5569999999999995,37595.93
2004-02-20,4.772,4.835,4.64,4.71,60628.34
2004-02-23,4.619,4.988,4.619,4.869,53137.97
2004-02-24,4.793,4.8,4.515,4.5569999999999995,49463.02
2004-02-25,4.529,4.814,4.515,4.8069999999999995,27576.98
2004-02-26,4.362,4.5569999999999995,4.355,4.529,24780.52
2004-02-27,4.4110000000000005,4.474,4.362,4.376,11909.54
2004-03-01,4.453,4.46,4.3069999999999995,4.4110000000000005,14262.24
2004-03-02,4.418,4.46,4.355,4.39,14966.47
2004-03-03,4.342,4.446000000000001,4.328,4.376,11171.1
2004-03-04,4.335,4.355,4.168,4.321000000000001,16612.32
2004-03-05,4.348,4.39,4.3069999999999995,4.342,8925.73
2004-03-08,4.196000000000001,4.314,4.175,4.3069999999999995,12863.54
2004-03-09,4.168,4.258,4.168,4.203,7317.89
2004-03-10,4.251,4.251,4.147,4.154,7531.35
2004-03-11,4.369,4.4110000000000005,4.223,4.265,15136.07
2004-03-12,4.293,4.362,4.258,4.355,7771.57
2004-03-15,4.348,4.383,4.258,4.293,11341.77
2004-03-16,4.369,4.4319999999999995,4.3069999999999995,4.425,9862.72
2004-03-17,4.321000000000001,4.355,4.272,4.342,13996.02
2004-03-18,4.39,4.5569999999999995,4.328,4.342,32418.53
2004-03-19,4.487,4.501,4.342,4.39,18896.46
2004-03-22,4.592,4.592,4.487,4.501,31401.14
2004-03-23,4.515,4.592,4.48,4.592,18498.46
2004-03-24,4.48,4.55,4.467,4.515,9420.8
2004-03-25,4.418,4.487,4.362,4.446000000000001,12380.08
2004-03-26,4.376,4.4319999999999995,4.376,4.4110000000000005,7662.26
2004-03-29,4.2860000000000005,4.418,4.272,4.376,8933.3
2004-03-30,4.328,4.348,4.244,4.2860000000000005,6987.24
2004-03-31,4.355,4.369,4.293,4.321000000000001,7839.83
2004-04-01,4.383,4.404,4.342,4.355,8743.88
2004-04-02,4.4110000000000005,4.467,4.383,4.397,11449.3
2004-04-05,4.439,4.46,4.376,4.4110000000000005,10885.19
2004-04-06,4.487,4.501,4.4110000000000005,4.439,14145.85
2004-04-07,4.467,4.543,4.453,4.487,14690.87
2004-04-08,4.425,4.529,4.418,4.46,12185.76
2004-04-09,4.251,4.4319999999999995,4.237,4.4110000000000005,16216.43
2004-04-12,4.258,4.272,4.1819999999999995,4.237,13760.54
2004-04-13,4.321000000000001,4.355,4.251,4.258,15140.49
2004-04-14,4.425,4.439,4.3069999999999995,4.397,27071.97
2004-04-15,4.2860000000000005,4.501,4.251,4.501,24327.21
2004-04-16,4.293,4.348,4.14,4.314,13058.85
2004-04-20,4.383,4.397,4.175,4.272,18856.64
2004-04-21,4.2860000000000005,4.4110000000000005,4.272,4.397,21516.85
2004-04-22,4.3069999999999995,4.342,4.237,4.2860000000000005,7823.37
2004-04-23,4.203,4.321000000000001,4.1819999999999995,4.321000000000001,7988.63
2004-04-26,3.883,4.1819999999999995,3.8760000000000003,4.1819999999999995,14175.94
2004-04-27,3.793,3.966,3.7510000000000003,3.89,11084.23
2004-04-28,3.8139999999999996,3.841,3.765,3.821,6540.02
2004-04-29,3.73,3.8339999999999996,3.682,3.8339999999999996,7454.39
2004-04-30,3.8139999999999996,3.855,3.73,3.855,4377.91
2004-05-10,3.7230000000000003,3.8139999999999996,3.682,3.8139999999999996,2236.0
2004-05-11,3.765,3.8,3.6889999999999996,3.6889999999999996,1918.69
2004-05-12,3.8689999999999998,3.8689999999999998,3.73,3.7510000000000003,4299.66
2004-05-13,3.821,3.8760000000000003,3.772,3.8689999999999998,3180.48
2004-05-14,3.7230000000000003,3.821,3.682,3.821,3140.6
2004-05-17,3.682,3.758,3.668,3.737,2768.0
2004-05-18,3.7510000000000003,3.758,3.682,3.702,4039.1
2004-05-19,3.765,3.821,3.737,3.765,4098.8
2004-05-20,3.696,3.8,3.6889999999999996,3.786,3186.2
2004-05-21,3.73,3.7510000000000003,3.682,3.696,2482.4
2004-05-24,3.682,3.7510000000000003,3.682,3.73,1820.0
2004-05-25,3.5069999999999997,3.675,3.465,3.668,5468.95
2004-05-26,3.486,3.542,3.465,3.5210000000000004,3426.4
2004-05-27,3.556,3.577,3.4930000000000003,3.5,2998.06
2004-05-28,3.542,3.556,3.5,3.556,3401.54
2004-05-31,3.5210000000000004,3.549,3.5,3.528,2097.91
2004-06-01,3.5980000000000003,3.605,3.535,3.57,3990.17
2004-06-02,3.6260000000000003,3.661,3.5980000000000003,3.5980000000000003,4517.06
2004-06-03,3.528,3.633,3.5,3.6260000000000003,3690.0
2004-06-04,3.5210000000000004,3.5839999999999996,3.5,3.528,4347.76
2004-06-07,3.43,3.556,3.3739999999999997,3.556,3836.39
2004-06-08,3.388,3.444,3.3810000000000002,3.444,2917.95
2004-06-09,3.29,3.4160000000000004,3.2760000000000002,3.36,3152.24
2004-06-10,3.241,3.346,3.22,3.22,3561.14
2004-06-11,3.451,3.563,3.2689999999999997,3.2760000000000002,32307.19
2004-06-14,3.346,3.465,3.318,3.43,14898.22
2004-06-15,3.654,3.675,3.332,3.346,23962.98
2004-06-16,3.5980000000000003,3.6889999999999996,3.542,3.6189999999999998,18564.6
2004-06-17,3.563,3.612,3.535,3.5980000000000003,8347.27
2004-06-18,3.4930000000000003,3.57,3.4019999999999997,3.57,8009.36
2004-06-21,3.7030000000000003,3.766,3.437,3.4930000000000003,12380.62
2004-06-22,3.682,3.7030000000000003,3.64,3.675,8437.34
2004-06-23,3.661,3.6889999999999996,3.556,3.675,7053.59
2004-06-24,3.64,3.7030000000000003,3.5980000000000003,3.647,5779.39
2004-06-25,3.64,3.7239999999999998,3.542,3.64,13500.66
2004-06-28,3.7310000000000003,3.78,3.591,3.633,21105.65
2004-06-29,3.668,3.766,3.5,3.7239999999999998,12309.58
2004-06-30,3.5839999999999996,3.7030000000000003,3.57,3.675,6378.0
2004-07-01,3.7310000000000003,3.752,3.542,3.542,14329.84
2004-07-02,3.773,4.06,3.766,3.78,28314.38
2004-07-05,3.8569999999999998,3.878,3.71,3.7239999999999998,16008.92
2004-07-06,3.9130000000000003,3.9760000000000004,3.8569999999999998,3.8569999999999998,20831.94
2004-07-07,3.843,3.906,3.8080000000000003,3.885,7462.2
2004-07-08,3.906,3.92,3.8080000000000003,3.815,8073.6
2004-07-09,3.864,3.927,3.85,3.8989999999999996,6157.28
2004-07-12,3.654,3.822,3.6189999999999998,3.822,10517.15
2004-07-13,3.682,3.738,3.6189999999999998,3.661,5911.28
2004-07-14,3.675,3.7239999999999998,3.57,3.675,6648.28
2004-07-15,3.71,3.717,3.6260000000000003,3.682,5500.24
2004-07-16,3.8360000000000003,3.85,3.717,3.717,14145.65
2004-07-19,3.927,3.9410000000000003,3.7939999999999996,3.8360000000000003,15070.53
2004-07-20,3.7310000000000003,3.885,3.7239999999999998,3.885,13865.0
2004-07-21,3.738,3.78,3.682,3.738,8087.63
2004-07-22,3.57,3.738,3.57,3.7310000000000003,12489.0
2004-07-23,3.556,3.563,3.4789999999999996,3.5210000000000004,6202.39
2004-07-26,3.409,3.563,3.346,3.563,8538.0
2004-07-27,3.388,3.43,3.339,3.409,5355.97
2004-07-28,3.409,3.43,3.353,3.388,3204.29
2004-07-29,3.472,3.4789999999999996,3.409,3.437,3081.5
2004-07-30,3.4019999999999997,3.5,3.4019999999999997,3.472,3001.5
2004-08-02,3.3810000000000002,3.4019999999999997,3.36,3.4019999999999997,1752.59
2004-08-03,3.3739999999999997,3.3810000000000002,3.346,3.3810000000000002,3441.43
2004-08-04,3.472,3.5,3.3810000000000002,3.3810000000000002,4392.55
2004-08-05,3.395,3.465,3.388,3.458,3134.01
2004-08-06,3.409,3.486,3.3810000000000002,3.3810000000000002,3008.22
2004-08-09,3.304,3.395,3.241,3.3810000000000002,5371.0
2004-08-10,3.325,3.339,3.2969999999999997,3.325,1804.41
2004-08-11,3.283,3.346,3.2760000000000002,3.325,2546.0
2004-08-12,3.255,3.2760000000000002,3.248,3.255,1943.21
2004-08-13,3.255,3.29,3.248,3.255,2023.25
2004-08-16,3.15,3.2760000000000002,3.122,3.2760000000000002,3178.22
2004-08-17,3.157,3.185,3.115,3.185,1664.01
2004-08-18,3.185,3.22,3.15,3.22,1774.0
2004-08-19,3.157,3.213,3.122,3.1919999999999997,2123.0
2004-08-20,2.947,3.157,2.8560000000000003,3.157,7033.69
2004-08-23,2.94,2.9610000000000003,2.898,2.9610000000000003,2306.06
2004-08-24,3.045,3.1289999999999996,2.968,2.975,4448.37
2004-08-25,3.115,3.185,3.052,3.15,7825.3
2004-08-26,3.01,3.08,3.01,3.08,2722.0
2004-08-27,2.968,3.01,2.9610000000000003,2.9819999999999998,2520.5
2004-08-30,3.003,3.031,2.94,2.94,1577.5
2004-08-31,3.108,3.157,3.0239999999999996,3.0660000000000003,3679.64
2004-09-01,2.989,3.136,2.975,3.136,2193.0
2004-09-02,3.0869999999999997,3.0869999999999997,2.975,2.989,2800.3
2004-09-03,3.08,3.108,3.031,3.0660000000000003,3305.0
2004-09-06,3.094,3.1010000000000004,3.0660000000000003,3.073,1303.0
2004-09-07,3.0660000000000003,3.0869999999999997,3.01,3.01,1155.0
2004-09-08,3.08,3.1010000000000004,3.045,3.045,1969.0
2004-09-09,2.968,3.094,2.9539999999999997,3.045,2693.48
2004-09-10,2.9819999999999998,2.989,2.947,2.975,1805.64
2004-09-13,2.898,2.9819999999999998,2.891,2.9819999999999998,1560.0
2004-09-14,3.031,3.1430000000000002,2.898,2.898,3345.01
2004-09-15,3.1710000000000003,3.262,2.975,3.045,12651.49
2004-09-16,3.22,3.283,3.15,3.1639999999999997,12152.52
2004-09-17,3.318,3.339,3.1639999999999997,3.227,15928.19
2004-09-20,3.409,3.43,3.2689999999999997,3.29,18722.0
2004-09-21,3.367,3.43,3.262,3.409,16745.06
2004-09-22,3.22,3.388,3.22,3.346,10437.88
2004-09-23,3.332,3.353,3.2060000000000004,3.22,8767.04
2004-09-24,3.1919999999999997,3.388,3.1710000000000003,3.346,15458.68
2004-09-27,3.199,3.2760000000000002,3.15,3.2760000000000002,6605.25
2004-09-28,3.1919999999999997,3.255,3.15,3.22,4401.0
2004-09-29,3.15,3.241,3.115,3.2060000000000004,4036.25
2004-09-30,3.0380000000000003,3.185,3.0239999999999996,3.1710000000000003,4815.0
2004-10-08,3.108,3.115,2.968,3.0380000000000003,5673.55
2004-10-11,3.0869999999999997,3.178,3.073,3.122,7239.76
2004-10-12,3.3110000000000004,3.3739999999999997,3.01,3.073,35386.46
2004-10-13,3.2689999999999997,3.325,3.22,3.2969999999999997,17483.57
2004-10-14,3.1919999999999997,3.423,3.185,3.255,32643.11
2004-10-15,3.073,3.29,3.0660000000000003,3.15,16458.09
2004-10-18,3.122,3.15,3.01,3.15,8292.28
2004-10-19,3.115,3.213,3.108,3.122,7580.64
2004-10-20,3.094,3.15,3.017,3.15,7084.74
2004-10-21,3.045,3.136,3.0239999999999996,3.094,6773.8
2004-10-22,3.003,3.08,2.842,3.08,9305.59
2004-10-25,2.891,3.031,2.842,2.842,5467.0
2004-10-26,2.912,2.9819999999999998,2.786,2.8560000000000003,7861.97
2004-10-27,2.975,2.975,2.8,2.891,10691.17
2004-10-28,3.0380000000000003,3.08,2.912,2.975,13655.66
2004-10-29,2.842,2.94,2.8280000000000003,2.926,14641.85
2004-11-01,2.6460000000000004,2.842,2.6039999999999996,2.842,15747.56
2004-11-02,2.674,2.681,2.625,2.66,4619.11
2004-11-03,2.702,2.716,2.6180000000000003,2.674,7418.47
2004-11-04,2.59,2.716,2.583,2.702,8572.0
2004-11-05,2.7439999999999998,2.8489999999999998,2.6039999999999996,2.639,23817.76
2004-11-08,2.688,2.716,2.639,2.716,6699.74
2004-11-09,2.688,2.7439999999999998,2.66,2.674,5412.2
2004-11-10,2.786,2.8,2.667,2.73,11557.47
2004-11-11,2.758,2.8560000000000003,2.73,2.786,16010.0
2004-11-12,2.7510000000000003,2.786,2.73,2.758,5498.24
2004-11-15,2.8,2.8139999999999996,2.758,2.779,7366.12
2004-11-16,2.8280000000000003,2.842,2.8,2.8139999999999996,8366.43
2004-11-17,2.765,2.8280000000000003,2.73,2.821,4652.13
2004-11-18,2.807,2.8280000000000003,2.737,2.737,5311.63
2004-11-19,2.863,2.884,2.8,2.807,9836.82
2004-11-22,2.9330000000000003,2.9330000000000003,2.842,2.898,12184.12
2004-11-23,2.9330000000000003,2.975,2.877,2.9189999999999996,8350.24
2004-11-24,2.9189999999999996,3.0239999999999996,2.898,2.9610000000000003,16441.91
2004-11-25,2.8280000000000003,2.912,2.8139999999999996,2.877,6971.97
2004-11-26,2.87,2.877,2.8280000000000003,2.8280000000000003,3974.25
2004-11-30,2.8280000000000003,2.8560000000000003,2.786,2.8560000000000003,4420.56
2004-12-01,2.786,2.842,2.786,2.8280000000000003,4506.09
2004-12-02,2.8489999999999998,2.8560000000000003,2.765,2.8,3905.49
2004-12-03,2.898,2.947,2.8280000000000003,2.842,8993.93
2004-12-06,2.9539999999999997,2.9539999999999997,2.835,2.898,8668.9
2004-12-07,2.905,2.968,2.87,2.94,8922.73
2004-12-08,2.9189999999999996,2.968,2.877,2.912,4172.21
2004-12-09,2.94,2.989,2.87,2.926,16942.95
2004-12-10,2.786,2.9330000000000003,2.786,2.926,10480.0
2004-12-13,2.7089999999999996,2.786,2.695,2.765,5443.0
2004-12-14,2.702,2.7510000000000003,2.702,2.7089999999999996,3209.71
2004-12-15,2.716,2.7439999999999998,2.674,2.7089999999999996,3109.99
2004-12-16,2.7510000000000003,2.765,2.674,2.7089999999999996,3777.0
2004-12-17,2.7510000000000003,2.877,2.7439999999999998,2.793,10317.57
2004-12-20,2.681,2.737,2.674,2.702,2979.0
2004-12-21,2.758,2.758,2.674,2.674,3360.12
2004-12-22,2.87,2.87,2.758,2.779,10076.16
2004-12-23,2.772,2.891,2.772,2.884,5616.46
2004-12-24,2.758,2.807,2.758,2.772,2411.37
2004-12-27,2.7510000000000003,2.793,2.737,2.737,1502.36
2004-12-28,2.702,2.8,2.681,2.8,2523.8
2004-12-29,2.7089999999999996,2.7439999999999998,2.695,2.7230000000000003,2130.83
2004-12-30,2.66,2.7230000000000003,2.625,2.716,3283.76
2004-12-31,2.6039999999999996,2.688,2.583,2.66,3485.0
2005-01-04,2.597,2.6039999999999996,2.548,2.583,2251.75
2005-01-05,2.674,2.688,2.59,2.59,2119.72
2005-01-06,2.7089999999999996,2.758,2.625,2.674,3750.13
2005-01-07,2.73,2.842,2.66,2.702,9399.5
2005-01-10,2.758,2.765,2.688,2.7439999999999998,2529.05
2005-01-11,2.786,2.793,2.7230000000000003,2.7439999999999998,3759.0
2005-01-12,2.737,2.779,2.695,2.772,2201.1
2005-01-13,2.8,2.821,2.695,2.702,7582.69
2005-01-14,2.737,2.8,2.73,2.765,3136.99
2005-01-17,2.688,2.737,2.66,2.737,4006.08
2005-01-18,2.772,2.779,2.667,2.688,4017.6
2005-01-19,2.8139999999999996,2.8560000000000003,2.7439999999999998,2.772,9552.23
2005-01-20,2.772,2.8139999999999996,2.73,2.8,5209.66
2005-01-21,2.807,2.821,2.681,2.772,6379.15
2005-01-24,2.8489999999999998,2.898,2.8139999999999996,2.87,7612.6
2005-01-25,2.926,2.9330000000000003,2.821,2.87,20925.38
2005-01-26,2.884,2.9610000000000003,2.87,2.94,15081.0
2005-01-27,2.94,2.968,2.863,2.877,22120.53
2005-01-28,2.793,2.975,2.779,2.877,16412.87
2005-01-31,2.667,2.793,2.6460000000000004,2.793,9084.22
2005-02-01,2.66,2.765,2.653,2.737,5487.5
2005-02-02,2.821,2.821,2.653,2.66,8290.71
2005-02-03,2.7439999999999998,2.891,2.73,2.8139999999999996,11659.19
2005-02-04,2.87,2.905,2.73,2.73,12805.25
2005-02-16,2.863,2.9189999999999996,2.842,2.905,7867.0
2005-02-17,2.891,2.905,2.8560000000000003,2.87,5653.22
2005-02-18,2.8139999999999996,2.926,2.807,2.905,7265.5
2005-02-21,2.877,2.891,2.8,2.8280000000000003,5433.0
2005-02-22,2.9330000000000003,2.9539999999999997,2.87,2.898,13955.99
2005-02-23,3.017,3.031,2.87,2.926,20544.59
2005-02-24,3.0869999999999997,3.115,2.926,2.989,33364.89
2005-02-25,3.003,3.1010000000000004,2.9819999999999998,3.073,22454.07
2005-02-28,3.0380000000000003,3.0660000000000003,2.9539999999999997,2.975,13060.71
2005-03-01,2.989,3.0380000000000003,2.947,3.017,7916.26
2005-03-02,2.9189999999999996,3.01,2.912,2.975,8576.95
2005-03-03,2.9539999999999997,2.968,2.877,2.9189999999999996,5394.16
2005-03-04,2.9330000000000003,2.9539999999999997,2.891,2.94,4240.24
2005-03-07,2.905,2.94,2.905,2.94,4065.0
2005-03-08,2.968,2.975,2.912,2.94,6039.26
2005-03-09,2.912,2.968,2.898,2.968,7333.94
2005-03-10,2.807,2.9189999999999996,2.807,2.912,9635.05
2005-03-11,2.8,2.842,2.779,2.807,5082.71
2005-03-14,2.765,2.8280000000000003,2.7510000000000003,2.8,5391.44
2005-03-15,2.7439999999999998,2.793,2.73,2.765,4887.85
2005-03-16,2.73,2.7439999999999998,2.702,2.7439999999999998,4409.33
2005-03-17,2.653,2.716,2.625,2.716,9233.06
2005-03-18,2.674,2.674,2.576,2.6460000000000004,5281.5
2005-03-21,2.59,2.667,2.5269999999999997,2.667,8093.11
2005-03-22,2.338,2.569,2.331,2.562,10881.21
2005-03-23,2.324,2.38,2.296,2.338,9381.0
2005-03-24,2.38,2.387,2.31,2.331,8020.16
2005-03-25,2.345,2.394,2.338,2.38,4225.0
2005-03-28,2.261,2.345,2.205,2.331,4377.36
2005-03-29,2.254,2.31,2.247,2.261,3162.55
2005-03-30,2.219,2.331,2.177,2.233,7866.28
2005-03-31,2.261,2.275,2.184,2.205,4372.39
2005-04-01,2.352,2.38,2.191,2.275,9064.97
2005-04-04,2.254,2.31,2.24,2.31,4293.0
2005-04-05,2.24,2.296,2.233,2.254,3895.5
2005-04-06,2.261,2.282,2.205,2.247,4125.97
2005-04-07,2.31,2.359,2.24,2.275,9399.59
2005-04-08,2.38,2.394,2.275,2.289,7963.2
2005-04-11,2.366,2.394,2.3169999999999997,2.345,5262.63
2005-04-12,2.296,2.38,2.296,2.373,4304.0
2005-04-13,2.373,2.408,2.296,2.296,7022.86
2005-04-14,2.31,2.366,2.303,2.366,5201.3
2005-04-15,2.198,2.296,2.177,2.296,6547.0
2005-04-18,2.142,2.191,2.114,2.184,4711.49
2005-04-19,2.156,2.1630000000000003,2.114,2.121,3537.1
2005-04-20,2.072,2.156,2.065,2.156,4792.83
2005-04-21,1.911,2.1,1.8619999999999999,2.072,11377.94
2005-04-22,1.883,1.939,1.855,1.932,6355.97
2005-04-25,1.8969999999999998,1.946,1.848,1.8969999999999998,3919.18
2005-04-26,1.925,1.974,1.883,1.89,5715.0
2005-04-27,1.8969999999999998,1.974,1.89,1.974,4781.94
2005-04-28,1.974,1.995,1.8130000000000002,1.883,9828.12
2005-04-29,1.925,1.9880000000000002,1.9040000000000001,1.974,6533.4
2005-05-09,1.834,1.953,1.82,1.939,3990.81
2005-05-10,1.785,1.841,1.68,1.834,6787.12
2005-05-11,1.7990000000000002,1.834,1.75,1.785,4306.82
2005-05-12,1.778,1.827,1.729,1.806,3674.08
2005-05-13,1.7919999999999998,1.827,1.736,1.771,5438.88
2005-05-17,1.883,1.9180000000000001,1.722,1.785,11366.58
2005-05-18,1.89,1.8969999999999998,1.827,1.869,8236.46
2005-05-19,1.876,1.9040000000000001,1.841,1.8969999999999998,2986.63
2005-05-20,1.8619999999999999,1.89,1.841,1.876,3009.64
2005-05-23,1.75,1.834,1.736,1.82,5631.0
2005-05-24,1.7990000000000002,1.82,1.75,1.75,3714.14
2005-05-25,1.834,1.8619999999999999,1.785,1.7919999999999998,4862.3
2005-05-26,1.8130000000000002,1.8619999999999999,1.806,1.855,3008.07
2005-05-27,1.7990000000000002,1.848,1.764,1.841,3973.0
2005-05-30,1.855,1.869,1.771,1.771,4289.29
2005-05-31,1.8619999999999999,1.8969999999999998,1.848,1.89,7888.94
2005-06-01,1.834,1.8619999999999999,1.82,1.848,3676.5
2005-06-02,1.8130000000000002,1.876,1.806,1.82,3161.4
2005-06-03,1.7990000000000002,1.834,1.764,1.806,4532.24
2005-06-06,1.974,1.9809999999999999,1.7990000000000002,1.806,49042.58
2005-06-07,2.051,2.086,1.9040000000000001,1.932,57144.55
2005-06-08,2.191,2.226,1.995,2.03,54008.66
2005-06-09,2.177,2.275,2.121,2.17,44428.92
2005-06-10,2.156,2.226,2.135,2.17,21660.8
2005-06-13,2.191,2.2680000000000002,2.121,2.156,20957.09
2005-06-14,2.065,2.219,2.03,2.191,15971.98
2005-06-15,2.0580000000000003,2.121,2.051,2.0580000000000003,13289.99
2005-06-16,2.03,2.0869999999999997,1.9580000000000002,2.079,12937.29
2005-06-17,2.108,2.115,1.994,2.051,11759.8
2005-06-20,2.1719999999999997,2.186,2.051,2.0869999999999997,15314.33
2005-06-21,2.094,2.201,2.079,2.1790000000000003,9283.0
2005-06-22,2.108,2.129,2.072,2.094,5265.85
2005-06-23,2.065,2.129,2.051,2.108,6319.52
2005-06-24,2.0580000000000003,2.065,2.015,2.023,6223.7
2005-06-27,2.151,2.158,2.079,2.079,14851.7
2005-06-28,2.0869999999999997,2.136,2.065,2.136,5204.55
2005-06-29,2.108,2.122,2.072,2.0869999999999997,3974.16
2005-06-30,1.9869999999999999,2.108,1.98,2.108,9779.8
2005-07-01,1.844,2.001,1.837,2.001,9851.96
2005-07-04,1.7309999999999999,1.837,1.659,1.837,10009.92
2005-07-05,1.7380000000000002,1.795,1.709,1.7309999999999999,5671.17
2005-07-06,1.716,1.766,1.695,1.716,5866.76
2005-07-07,1.7380000000000002,1.745,1.702,1.709,4316.25
2005-07-08,1.6380000000000001,1.7380000000000002,1.617,1.7380000000000002,6486.0
2005-07-11,1.581,1.709,1.567,1.645,5762.0
2005-07-12,1.6380000000000001,1.659,1.545,1.545,7950.89
2005-07-13,1.652,1.6740000000000002,1.624,1.624,6017.05
2005-07-14,1.8159999999999998,1.8159999999999998,1.6380000000000001,1.6380000000000001,20504.1
2005-07-15,1.716,1.795,1.681,1.78,15704.48
2005-07-18,1.588,1.716,1.588,1.716,7594.45
2005-07-19,1.652,1.659,1.5530000000000002,1.567,6307.94
2005-07-20,1.681,1.709,1.609,1.645,8645.77
2005-07-21,1.6740000000000002,1.681,1.617,1.659,5148.49
2005-07-22,1.7309999999999999,1.795,1.681,1.7309999999999999,18011.58
2005-07-25,1.78,1.795,1.716,1.745,13683.09
2005-07-26,1.83,1.8730000000000002,1.766,1.837,20079.72
2005-07-27,1.844,1.844,1.7730000000000001,1.83,16924.79
2005-07-28,1.8090000000000002,1.8659999999999999,1.788,1.844,14062.57
2005-07-29,1.8090000000000002,1.8230000000000002,1.7590000000000001,1.788,10132.33
2005-08-01,1.8090000000000002,1.8230000000000002,1.78,1.8090000000000002,6453.86
2005-08-02,1.8659999999999999,1.8730000000000002,1.788,1.8159999999999998,18166.23
2005-08-03,1.8730000000000002,1.93,1.8519999999999999,1.8659999999999999,18929.52
2005-08-04,1.93,1.93,1.844,1.8730000000000002,18726.3
2005-08-05,1.9580000000000002,1.973,1.909,1.93,23343.57
2005-08-08,1.966,2.023,1.909,1.973,26024.87
2005-08-09,2.008,2.008,1.93,1.9580000000000002,14815.04
2005-08-10,1.9869999999999999,2.023,1.93,2.008,19961.07
2005-08-11,2.072,2.0869999999999997,1.944,1.98,51548.39
2005-08-12,2.115,2.272,2.023,2.0580000000000003,72597.16
2005-08-15,2.165,2.1719999999999997,2.065,2.122,29126.5
2005-08-16,2.165,2.193,2.108,2.165,31605.12
2005-08-17,2.2430000000000003,2.265,2.129,2.165,48260.13
2005-08-18,2.072,2.307,2.0580000000000003,2.2430000000000003,46814.79
2005-08-19,1.98,2.101,1.8730000000000002,2.0580000000000003,33322.96
2005-08-22,2.001,2.037,1.966,1.9869999999999999,10187.09
2005-08-23,1.9509999999999998,2.023,1.909,1.994,12020.53
2005-08-24,1.994,2.015,1.909,1.909,13321.39
2005-08-25,2.044,2.0580000000000003,1.966,2.008,14008.79
2005-08-26,2.023,2.0580000000000003,1.98,2.044,15066.67
2005-08-29,2.044,2.051,1.973,2.023,14731.41
2005-08-30,2.072,2.101,2.015,2.044,19459.37
2005-08-31,2.136,2.144,2.044,2.072,24382.13
2005-09-01,2.201,2.229,2.108,2.136,44004.42
2005-09-02,2.158,2.201,2.144,2.1790000000000003,22279.43
2005-09-05,2.201,2.222,2.158,2.158,18013.26
2005-09-06,2.1719999999999997,2.286,2.151,2.208,43616.66
2005-09-07,2.222,2.229,2.136,2.1719999999999997,21941.74
2005-09-08,2.25,2.314,2.208,2.265,31903.21
2005-09-09,2.1790000000000003,2.2430000000000003,2.1719999999999997,2.2430000000000003,17088.8
2005-09-12,2.158,2.201,2.136,2.158,12215.74
2005-09-13,2.215,2.215,2.144,2.144,13319.67
2005-09-14,2.2359999999999998,2.25,2.1790000000000003,2.215,21182.92
2005-09-15,2.229,2.2430000000000003,2.193,2.2359999999999998,16649.98
2005-09-16,2.229,2.2359999999999998,2.193,2.208,13616.31
2005-09-19,2.293,2.307,2.208,2.2359999999999998,31332.22
2005-09-20,2.265,2.3,2.222,2.3,24570.91
2005-09-21,2.3,2.4,2.25,2.265,76903.38
2005-09-22,2.151,2.314,2.072,2.3,32552.24
2005-09-23,2.072,2.165,2.0580000000000003,2.122,18342.54
2005-09-26,2.094,2.108,2.065,2.072,6904.31
2005-09-27,2.015,2.122,2.001,2.094,11713.38
2005-09-28,2.023,2.051,2.008,2.023,9276.34
2005-09-29,2.072,2.0869999999999997,2.03,2.044,10366.1
2005-09-30,2.065,2.0869999999999997,2.037,2.065,5704.0
2005-10-10,1.9869999999999999,2.051,1.973,2.037,10325.0
2005-10-11,2.008,2.023,1.9369999999999998,1.98,6828.86
2005-10-12,2.037,2.037,1.98,2.008,7731.76
2005-10-13,2.008,2.037,2.001,2.037,6946.4
2005-10-14,1.9509999999999998,2.015,1.9509999999999998,2.001,7635.9
2005-10-17,1.973,1.9869999999999999,1.909,1.93,5481.08
2005-10-18,2.03,2.03,1.9580000000000002,1.973,7748.96
2005-10-19,2.015,2.072,1.994,2.03,12571.01
2005-10-20,1.9869999999999999,2.023,1.944,2.015,10073.12
2005-10-21,1.994,2.023,1.98,1.9869999999999999,8267.87
2005-10-24,2.015,2.023,1.966,1.994,6818.36
2005-10-25,1.9869999999999999,2.001,1.973,2.001,6713.37
2005-10-26,1.8869999999999998,1.973,1.88,1.9580000000000002,12373.0
2005-10-27,1.901,1.973,1.859,1.8659999999999999,13610.16
2005-10-28,1.795,1.901,1.7590000000000001,1.8940000000000001,11628.61
2005-10-31,1.837,1.8519999999999999,1.7730000000000001,1.795,14848.2
2005-11-01,1.766,1.8230000000000002,1.723,1.8159999999999998,9876.99
2005-11-02,1.8159999999999998,1.8230000000000002,1.766,1.766,10078.85
2005-11-03,1.78,1.844,1.766,1.8159999999999998,4714.59
2005-11-04,1.844,1.8730000000000002,1.78,1.8159999999999998,11927.46
2005-11-07,1.8869999999999998,1.909,1.83,1.909,13985.0
2005-11-08,1.966,1.973,1.8730000000000002,1.8869999999999998,22506.23
2005-11-09,1.973,1.994,1.916,1.973,40734.43
2005-11-10,1.8659999999999999,1.9509999999999998,1.859,1.9509999999999998,10281.88
2005-11-11,1.8869999999999998,1.909,1.8519999999999999,1.8659999999999999,5106.0
2005-11-14,1.8659999999999999,1.8869999999999998,1.83,1.8869999999999998,4629.32
2005-11-15,1.8659999999999999,1.8940000000000001,1.844,1.8869999999999998,3510.5
2005-11-16,1.916,1.916,1.83,1.8730000000000002,6202.63
2005-11-17,1.901,1.923,1.8940000000000001,1.901,5994.52
2005-11-18,1.923,1.9509999999999998,1.8869999999999998,1.8940000000000001,9203.92
2005-11-21,1.994,1.994,1.923,1.923,19658.13
2005-11-22,1.909,1.994,1.909,1.994,10099.01
2005-11-23,1.916,1.9509999999999998,1.901,1.909,4029.8
2005-11-24,1.93,1.944,1.916,1.923,4711.0
2005-11-25,1.923,1.9369999999999998,1.901,1.923,4381.0
2005-11-28,1.9369999999999998,1.944,1.901,1.916,3019.99
2005-11-29,1.8869999999999998,1.9369999999999998,1.8869999999999998,1.9369999999999998,3448.0
2005-11-30,1.901,1.909,1.88,1.8940000000000001,3020.87
2005-12-01,1.8659999999999999,1.909,1.8659999999999999,1.909,3862.01
2005-12-02,1.8159999999999998,1.8659999999999999,1.8090000000000002,1.8659999999999999,6396.9
2005-12-05,1.766,1.8090000000000002,1.766,1.795,4331.0
2005-12-06,1.78,1.788,1.7519999999999998,1.766,2267.6
2005-12-07,1.795,1.8090000000000002,1.7730000000000001,1.78,3508.51
2005-12-08,1.78,1.8090000000000002,1.7519999999999998,1.8019999999999998,5648.4
2005-12-09,1.8159999999999998,1.8230000000000002,1.7590000000000001,1.78,5926.0
2005-12-12,1.83,1.837,1.78,1.8159999999999998,7173.94
2005-12-13,1.837,1.8519999999999999,1.795,1.8230000000000002,6125.41
2005-12-14,1.8519999999999999,1.8659999999999999,1.8019999999999998,1.837,8293.1
2005-12-15,1.8230000000000002,1.8659999999999999,1.8159999999999998,1.8519999999999999,6648.17
2005-12-16,1.8519999999999999,1.859,1.8159999999999998,1.8230000000000002,3494.18
2005-12-19,1.8519999999999999,1.859,1.83,1.8519999999999999,4479.76
2005-12-20,1.844,1.859,1.83,1.844,3605.06
2005-12-21,1.8159999999999998,1.844,1.8090000000000002,1.83,4961.0
2005-12-22,1.8019999999999998,1.8230000000000002,1.788,1.8019999999999998,6119.0
2005-12-23,1.844,1.859,1.8019999999999998,1.8019999999999998,7208.5
2005-12-26,1.859,1.8940000000000001,1.837,1.844,9935.58
2005-12-27,1.859,1.8730000000000002,1.837,1.859,6526.21
2005-12-28,1.8730000000000002,1.8869999999999998,1.844,1.859,5148.8
2005-12-30,1.837,1.901,1.83,1.901,7819.86
2006-01-04,1.8730000000000002,1.8730000000000002,1.83,1.837,6958.13
2006-01-05,1.916,1.923,1.8730000000000002,1.88,20133.98
2006-01-06,1.98,1.9869999999999999,1.923,1.9369999999999998,35107.16
2006-01-09,2.001,2.001,1.9369999999999998,1.973,19444.41
2006-01-10,1.994,2.001,1.944,1.98,11828.58
2006-01-11,2.008,2.03,1.9509999999999998,1.994,16693.34
2006-01-12,2.023,2.044,1.966,1.994,16424.17
2006-01-13,2.044,2.0869999999999997,2.015,2.023,19555.55
2006-01-16,1.9869999999999999,2.051,1.98,2.03,11702.84
2006-01-17,2.001,2.03,1.966,1.98,9397.63
2006-01-18,2.044,2.072,1.9869999999999999,1.994,12814.33
2006-01-19,2.065,2.0869999999999997,2.023,2.065,12243.81
2006-01-20,2.037,2.072,2.023,2.065,14097.03
2006-01-23,2.001,2.037,1.9869999999999999,2.037,12897.91
2006-01-24,2.008,2.037,1.994,2.001,12539.9
2006-01-25,2.0580000000000003,2.0580000000000003,1.994,1.994,17113.37
2006-02-06,2.129,2.151,2.044,2.079,29857.96
2006-02-07,2.151,2.186,2.065,2.136,24610.6
2006-02-08,2.1719999999999997,2.186,2.101,2.129,16829.25
2006-02-09,2.136,2.158,2.115,2.158,10851.15
2006-02-10,2.193,2.193,2.122,2.136,16342.72
2006-02-13,2.186,2.193,2.144,2.193,13207.48
2006-02-14,2.165,2.208,2.136,2.1719999999999997,12211.25
2006-02-15,2.201,2.2359999999999998,2.165,2.1719999999999997,26217.63
2006-02-16,2.144,2.2430000000000003,2.136,2.208,24456.34
2006-02-17,2.1790000000000003,2.229,2.094,2.144,27541.26
2006-02-20,2.25,2.329,2.158,2.158,55327.9
2006-02-21,2.3,2.314,2.208,2.2430000000000003,30210.06
2006-02-22,2.3,2.314,2.25,2.3,19556.38
2006-02-23,2.3,2.336,2.265,2.286,18787.38
2006-02-24,2.3569999999999998,2.3930000000000002,2.286,2.286,43997.71
2006-02-27,2.336,2.478,2.329,2.3930000000000002,57757.76
2006-02-28,2.314,2.35,2.2430000000000003,2.307,25472.6
2006-03-01,2.4,2.414,2.286,2.314,28263.3
2006-03-02,2.322,2.414,2.286,2.4,26989.16
2006-03-03,2.279,2.336,2.2430000000000003,2.286,22052.8
2006-03-06,2.265,2.279,2.215,2.279,18568.53
2006-03-07,2.2359999999999998,2.329,2.229,2.272,23119.42
2006-03-08,2.144,2.2430000000000003,2.101,2.222,24798.5
2006-03-09,2.122,2.1719999999999997,2.115,2.144,9162.17
2006-03-10,2.151,2.201,2.122,2.129,13395.41
2006-03-13,2.1790000000000003,2.186,2.136,2.144,8491.99
2006-03-14,2.151,2.1790000000000003,2.122,2.1790000000000003,5714.07
2006-03-15,2.158,2.158,2.115,2.122,13363.63
2006-03-16,2.1790000000000003,2.186,2.122,2.158,10910.99
2006-03-17,2.201,2.215,2.158,2.1790000000000003,19696.81
2006-03-30,2.421,2.421,2.329,2.421,74908.15
2006-03-31,2.5140000000000002,2.6210000000000004,2.3569999999999998,2.421,119926.67
2006-04-03,2.549,2.5780000000000003,2.464,2.5,54939.16
2006-04-04,2.5780000000000003,2.585,2.471,2.535,42381.5
2006-04-05,2.8339999999999996,2.8339999999999996,2.5069999999999997,2.5639999999999996,87090.7
2006-04-06,2.977,2.998,2.7489999999999997,2.8339999999999996,98366.8
2006-04-07,2.991,3.076,2.891,2.963,65289.55
2006-04-10,2.9339999999999997,3.055,2.898,3.005,63060.96
2006-05-11,2.549,2.92,2.379,2.635,234744.49
2006-05-12,2.478,2.535,2.386,2.457,113507.89
2006-05-15,2.6630000000000003,2.6710000000000003,2.3930000000000002,2.471,153344.59
2006-05-16,2.436,2.685,2.407,2.678,136085.13
2006-05-17,2.5639999999999996,2.5780000000000003,2.3930000000000002,2.421,95408.41
2006-05-18,2.535,2.5780000000000003,2.45,2.549,89164.71
2006-05-19,2.521,2.535,2.464,2.535,72252.65
2006-05-22,2.642,2.6710000000000003,2.45,2.521,123054.92
2006-05-23,2.535,2.742,2.535,2.635,127899.17
2006-05-24,2.457,2.585,2.407,2.4930000000000003,57985.88
2006-05-25,2.485,2.521,2.428,2.436,37563.48
2006-05-26,2.535,2.557,2.4930000000000003,2.4930000000000003,32302.66
2006-05-30,2.535,2.6710000000000003,2.535,2.5989999999999998,81644.67
2006-05-31,2.5069999999999997,2.628,2.478,2.542,60739.99
2006-06-01,2.571,2.592,2.471,2.5,72181.1
2006-06-02,2.6630000000000003,2.742,2.4930000000000003,2.571,146827.97
2006-06-05,2.799,2.827,2.585,2.6060000000000003,135520.18
2006-06-06,2.7769999999999997,2.898,2.728,2.799,96950.24
2006-06-07,2.5,2.792,2.5,2.713,81241.96
2006-06-08,2.421,2.478,2.25,2.457,63754.27
2006-06-09,2.293,2.478,2.286,2.4,32819.28
2006-06-12,2.3,2.35,2.25,2.279,13820.62
2006-06-13,2.336,2.364,2.3,2.307,16294.76
2006-06-14,2.293,2.35,2.272,2.35,12984.17
2006-06-15,2.307,2.35,2.286,2.293,12850.34
2006-06-16,2.358,2.373,2.315,2.351,20931.57
2006-06-19,2.4090000000000003,2.445,2.322,2.358,24910.84
2006-06-20,2.4819999999999998,2.5180000000000002,2.366,2.4090000000000003,32245.08
2006-06-21,2.489,2.5540000000000003,2.467,2.4819999999999998,33108.4
2006-06-22,2.591,2.591,2.489,2.489,45988.63
2006-06-23,2.533,2.612,2.525,2.605,28893.55
2006-06-26,2.5980000000000003,2.656,2.54,2.54,41314.85
2006-06-27,2.5980000000000003,2.634,2.525,2.612,37751.49
2006-06-28,2.5980000000000003,2.634,2.562,2.612,30295.18
2006-06-29,2.678,2.6919999999999997,2.612,2.627,55779.25
2006-06-30,2.772,2.8080000000000003,2.656,2.707,85672.78
2006-07-03,2.7430000000000003,2.823,2.721,2.815,43127.11
2006-07-04,2.75,2.779,2.678,2.7569999999999997,47610.0
2006-07-05,2.707,2.772,2.605,2.772,42481.86
2006-07-06,2.772,2.779,2.67,2.728,95579.33
2006-07-07,2.67,2.75,2.6630000000000003,2.75,41970.81
2006-07-10,2.7430000000000003,2.75,2.5980000000000003,2.67,52773.02
2006-07-11,2.801,2.866,2.7430000000000003,2.7430000000000003,82591.79
2006-07-12,2.786,2.903,2.75,2.772,63868.23
2006-07-13,2.525,2.7569999999999997,2.511,2.7569999999999997,80721.78
2006-07-14,2.533,2.627,2.4090000000000003,2.496,32409.63
2006-07-17,2.5540000000000003,2.591,2.4819999999999998,2.533,25215.38
2006-07-18,2.569,2.569,2.489,2.5540000000000003,21398.85
2006-07-19,2.46,2.569,2.438,2.569,19603.86
2006-07-20,2.46,2.496,2.416,2.445,16369.31
2006-07-21,2.562,2.5980000000000003,2.467,2.474,29203.56
2006-07-24,2.5540000000000003,2.569,2.46,2.46,17968.26
2006-07-25,2.736,2.75,2.54,2.54,59769.63
2006-07-26,2.6919999999999997,2.7939999999999996,2.641,2.779,57682.37
2006-07-27,2.641,2.728,2.5980000000000003,2.685,35430.66
2006-07-28,2.707,2.779,2.62,2.62,57007.81
2006-07-31,2.46,2.699,2.438,2.699,41855.84
2006-08-01,2.416,2.5180000000000002,2.416,2.4530000000000003,21097.78
2006-08-02,2.387,2.4530000000000003,2.358,2.416,21392.02
2006-08-03,2.4090000000000003,2.431,2.358,2.431,12203.4
2006-08-04,2.351,2.445,2.351,2.4090000000000003,19834.18
2006-08-07,2.119,2.3,2.119,2.286,41520.55
2006-08-08,2.191,2.199,2.126,2.141,20579.79
2006-08-09,2.206,2.271,2.191,2.191,19901.91
2006-08-10,2.271,2.286,2.213,2.22,17836.59
2006-08-11,2.271,2.315,2.2569999999999997,2.286,18136.38
2006-08-14,2.191,2.3,2.177,2.286,15609.35
2006-08-15,2.293,2.315,2.177,2.184,17444.82
2006-08-16,2.322,2.38,2.2640000000000002,2.293,34050.91
2006-08-17,2.271,2.3080000000000003,2.235,2.3080000000000003,15806.41
2006-08-18,2.279,2.358,2.271,2.322,17743.96
2006-08-21,2.279,2.279,2.133,2.184,15506.86
2006-08-22,2.2640000000000002,2.3080000000000003,2.235,2.279,14677.11
2006-08-23,2.25,2.3,2.235,2.2640000000000002,14119.17
2006-08-24,2.235,2.2569999999999997,2.213,2.25,17760.61
2006-08-25,2.3,2.3080000000000003,2.235,2.235,30566.35
2006-08-28,2.4090000000000003,2.431,2.286,2.322,65152.02
2006-08-29,2.358,2.4530000000000003,2.358,2.416,48131.2
2006-08-30,2.46,2.4819999999999998,2.3369999999999997,2.358,47812.27
2006-08-31,2.503,2.54,2.431,2.467,44737.82
2006-09-01,2.4019999999999997,2.5180000000000002,2.387,2.511,30965.32
2006-09-04,2.431,2.4530000000000003,2.395,2.395,24501.08
2006-09-05,2.489,2.576,2.438,2.4530000000000003,58664.29
2006-09-06,2.4530000000000003,2.511,2.416,2.467,29722.13
2006-09-07,2.416,2.467,2.395,2.445,20496.48
2006-09-08,2.4019999999999997,2.445,2.387,2.395,11621.02
2006-09-11,2.474,2.489,2.358,2.4019999999999997,22272.23
2006-09-12,2.438,2.4819999999999998,2.438,2.474,14660.35
2006-09-13,2.4019999999999997,2.4819999999999998,2.395,2.438,21777.97
2006-09-14,2.431,2.438,2.38,2.4019999999999997,14516.27
2006-09-15,2.4530000000000003,2.467,2.4019999999999997,2.4090000000000003,29477.09
2006-09-18,2.511,2.54,2.438,2.4530000000000003,45205.19
2006-09-19,2.467,2.533,2.46,2.511,24084.91
2006-09-20,2.5980000000000003,2.627,2.445,2.4530000000000003,107325.89
2006-09-21,2.576,2.67,2.562,2.5980000000000003,66314.54
2006-09-22,2.605,2.6630000000000003,2.5469999999999997,2.562,58504.33
2006-09-25,2.627,2.699,2.569,2.605,50401.77
2006-09-26,2.511,2.627,2.489,2.627,31749.66
2006-09-27,2.5469999999999997,2.5469999999999997,2.4819999999999998,2.4819999999999998,17512.08
2006-09-28,2.5540000000000003,2.576,2.525,2.5540000000000003,26451.75
2006-09-29,2.583,2.62,2.5540000000000003,2.562,35126.43
2006-10-09,2.5540000000000003,2.6489999999999996,2.511,2.6489999999999996,39723.92
2006-10-10,2.474,2.562,2.4530000000000003,2.5540000000000003,59091.89
2006-10-11,2.4819999999999998,2.489,2.46,2.467,28756.79
2006-10-12,2.46,2.496,2.416,2.4819999999999998,33563.91
2006-10-13,2.4530000000000003,2.467,2.431,2.46,19293.19
2006-10-16,2.46,2.467,2.424,2.467,25324.06
2006-10-17,2.4819999999999998,2.496,2.438,2.46,16137.27
2006-10-18,2.496,2.496,2.431,2.4819999999999998,29980.75
2006-10-19,2.445,2.489,2.424,2.474,28451.11
2006-10-20,2.4090000000000003,2.474,2.4090000000000003,2.445,21070.33
2006-10-23,2.293,2.416,2.2640000000000002,2.416,31908.75
2006-10-24,2.3369999999999997,2.351,2.286,2.286,21204.27
2006-10-25,2.329,2.38,2.3080000000000003,2.3369999999999997,15946.13
2006-10-26,2.322,2.358,2.293,2.322,14128.67
2006-10-27,2.25,2.3369999999999997,2.235,2.322,20507.22
2006-10-30,2.235,2.279,2.213,2.25,12640.16
2006-10-31,2.271,2.279,2.213,2.235,17652.91
2006-11-01,2.2640000000000002,2.271,2.213,2.271,23802.48
2006-11-02,2.235,2.2640000000000002,2.206,2.2640000000000002,20638.49
2006-11-03,2.271,2.286,2.213,2.228,19735.59
2006-11-06,2.279,2.286,2.22,2.242,18584.39
2006-11-07,2.2569999999999997,2.286,2.213,2.286,19287.62
2006-11-08,2.242,2.2640000000000002,2.228,2.25,9739.63
2006-11-10,2.213,2.293,2.206,2.286,25358.32
2006-11-13,2.191,2.279,2.184,2.213,24340.45
2006-11-14,2.162,2.206,2.083,2.199,20373.06
2006-11-15,2.213,2.228,2.148,2.162,17458.37
2006-11-16,2.199,2.25,2.191,2.213,21248.72
2006-11-17,2.2640000000000002,2.279,2.155,2.177,29236.06
2006-11-20,2.3,2.344,2.242,2.2640000000000002,47234.61
2006-11-21,2.2640000000000002,2.315,2.228,2.315,22567.05
2006-11-22,2.271,2.286,2.235,2.2640000000000002,22057.68
2006-11-23,2.3080000000000003,2.358,2.271,2.279,33436.95
2006-11-24,2.395,2.431,2.25,2.3,69027.33
2006-11-27,2.438,2.445,2.366,2.387,48012.05
2006-11-28,2.416,2.4819999999999998,2.395,2.438,35427.52
2006-11-29,2.467,2.503,2.344,2.387,67607.76
2006-11-30,2.511,2.5180000000000002,2.445,2.46,60023.49
2006-12-01,2.438,2.511,2.431,2.511,53481.32
2006-12-04,2.4530000000000003,2.4819999999999998,2.4090000000000003,2.438,57388.76
2006-12-05,2.533,2.569,2.416,2.46,123951.05
2006-12-06,2.438,2.5540000000000003,2.3369999999999997,2.54,70574.87
2006-12-07,2.38,2.46,2.366,2.438,53315.0
2006-12-08,2.242,2.366,2.235,2.3369999999999997,42649.59
2006-12-12,2.467,2.467,2.2569999999999997,2.344,98023.16
2006-12-13,2.467,2.533,2.416,2.533,79373.29
2006-12-14,2.503,2.525,2.4019999999999997,2.467,67629.42
2006-12-15,2.445,2.503,2.424,2.489,52399.86
2006-12-18,2.46,2.496,2.431,2.4530000000000003,70708.69
2006-12-19,2.395,2.474,2.322,2.474,56692.06
2006-12-20,2.4530000000000003,2.467,2.358,2.4090000000000003,48467.54
2006-12-21,2.605,2.685,2.424,2.438,185690.31
2006-12-22,2.627,2.714,2.525,2.5469999999999997,140989.81
2006-12-25,2.859,2.888,2.627,2.6489999999999996,230400.72
2006-12-26,3.033,3.1060000000000003,2.7939999999999996,2.866,246310.38
2006-12-27,2.975,3.077,2.91,3.048,122519.17
2006-12-28,3.2510000000000003,3.273,2.8369999999999997,2.9610000000000003,230169.23
2006-12-29,3.193,3.302,3.128,3.193,154149.25
2007-01-04,3.0260000000000002,3.302,2.9819999999999998,3.193,136067.64
2007-01-05,3.011,3.062,2.917,2.975,78327.9
2007-01-08,3.222,3.273,2.975,3.0039999999999996,93990.59
2007-01-09,3.207,3.287,3.1489999999999996,3.2289999999999996,86233.85
2007-01-10,3.302,3.367,3.1710000000000003,3.178,90390.5
2007-01-11,3.28,3.505,3.236,3.3160000000000003,118391.88
2007-01-12,3.011,3.3310000000000004,2.975,3.2510000000000003,104143.37
2007-01-15,3.1489999999999996,3.157,2.9819999999999998,3.011,67460.21
2007-01-16,3.207,3.2289999999999996,3.0839999999999996,3.1489999999999996,86525.68
2007-01-17,2.946,3.265,2.888,3.193,172626.86
2007-01-18,2.859,2.903,2.685,2.903,136580.05
2007-01-19,2.99,2.99,2.859,2.859,111584.3
2007-01-22,3.258,3.287,2.975,2.99,160938.66
2007-01-23,3.323,3.345,3.0839999999999996,3.265,156275.8
2007-01-24,3.345,3.44,3.2289999999999996,3.3160000000000003,162881.21
2007-01-25,3.128,3.338,3.0980000000000003,3.323,104727.37
2007-01-26,3.1639999999999997,3.222,2.9389999999999996,3.055,82366.16
2007-01-29,3.338,3.367,3.1489999999999996,3.1489999999999996,141474.07
2007-01-30,3.1710000000000003,3.411,3.128,3.338,115860.71
2007-01-31,2.9389999999999996,3.142,2.888,3.142,94601.32
2007-02-01,2.975,3.033,2.903,2.9389999999999996,52350.28
2007-02-02,2.845,3.011,2.823,2.9819999999999998,61673.6
2007-02-05,2.866,2.924,2.823,2.83,32775.07
2007-02-06,2.9819999999999998,3.0039999999999996,2.8739999999999997,2.903,44265.25
2007-02-07,2.9610000000000003,3.011,2.903,3.0039999999999996,51255.08
2007-02-08,3.0039999999999996,3.033,2.903,2.975,67518.15
2007-02-09,3.04,3.0839999999999996,2.9819999999999998,2.997,63611.62
2007-02-12,3.142,3.1489999999999996,3.0189999999999997,3.048,64544.11
2007-02-13,3.1489999999999996,3.1639999999999997,3.0839999999999996,3.142,64089.16
2007-02-14,3.193,3.222,3.128,3.157,91995.47
2007-02-15,3.512,3.512,3.193,3.2,202559.64
2007-02-16,3.737,3.86,3.592,3.6639999999999997,304779.99
2007-02-26,4.107,4.114,3.708,3.737,222210.92
2007-02-27,3.984,4.3180000000000005,3.846,4.064,332448.68
2007-02-28,4.383,4.383,4.027,4.0489999999999995,271076.95
2007-03-01,4.18,4.499,4.071000000000001,4.477,211579.73
2007-03-02,4.064,4.136,3.904,4.1,108049.64
2007-03-05,4.035,4.165,3.8819999999999997,4.064,108916.12
2007-03-06,3.998,4.056,3.911,3.977,57832.28
2007-03-07,4.064,4.107,3.998,3.998,56930.69
2007-03-08,4.143,4.165,3.998,4.1,75339.76
2007-03-09,4.448,4.5569999999999995,4.064,4.143,193813.91
2007-03-12,4.695,4.753,4.223,4.426,193645.05
2007-03-13,4.651,4.789,4.572,4.746,196530.61
2007-03-14,4.535,4.659,4.405,4.659,138334.7
2007-03-15,4.637,4.702,4.499,4.521,93452.1
2007-03-16,4.5280000000000005,4.702,4.426,4.637,132178.31
2007-03-19,4.5569999999999995,4.702,4.252,4.303,166582.4
2007-03-20,4.615,4.651,4.499,4.5280000000000005,85986.35
2007-03-21,4.84,4.855,4.543,4.644,148322.43
2007-03-22,4.775,5.007,4.717,4.869,204774.9
2007-03-23,4.724,4.796,4.593,4.753,109793.35
2007-03-26,4.84,4.869,4.68,4.717,112640.68
2007-03-27,5.159,5.261,4.76,4.84,215707.65
2007-03-28,5.029,5.21,4.833,5.159,194320.63
2007-03-29,4.898,5.079,4.8469999999999995,5.079,111574.11
2007-03-30,4.8839999999999995,4.971,4.789,4.927,84834.98
2007-04-02,4.992,5.0360000000000005,4.833,4.934,88924.22
2007-04-03,5.0,5.0360000000000005,4.92,4.985,77327.53
2007-04-04,4.949,5.05,4.891,5.0,85724.69
2007-04-05,5.079,5.145,4.978,4.978,160052.71
2007-04-06,5.13,5.225,4.985,5.05,123389.21
2007-04-09,5.122999999999999,5.181,5.079,5.13,110031.09
2007-04-10,5.0,5.152,4.862,5.145,121490.56
2007-04-11,5.05,5.093999999999999,4.876,4.978,100235.77
2007-04-12,5.275,5.341,4.963,5.043,201796.81
2007-04-13,5.167000000000001,5.406000000000001,5.1160000000000005,5.2829999999999995,167730.57
2007-04-16,5.609,5.631,5.1160000000000005,5.13,228074.76
2007-04-17,5.805,5.849,5.587000000000001,5.6160000000000005,305956.91
2007-04-18,5.7829999999999995,5.87,5.667000000000001,5.849,156408.17
2007-04-19,5.254,5.791,5.202999999999999,5.733,142500.17
2007-04-20,5.609,5.696000000000001,5.261,5.261,105626.8
2007-04-23,5.95,6.037000000000001,5.609,5.609,142492.51
2007-04-24,6.081,6.277,5.82,5.95,183951.27
2007-04-25,5.943,6.24,5.74,6.167999999999999,119189.07
2007-04-26,5.95,6.059,5.8629999999999995,5.95,118165.77
2007-04-27,6.023,6.124,5.776,5.972,175247.73
2007-04-30,6.167999999999999,6.233,5.892,5.979,193566.7
2007-05-08,6.4,6.545,6.11,6.277,238479.37
2007-05-10,6.6979999999999995,6.973,6.457999999999999,6.531000000000001,244719.39
2007-05-11,6.632000000000001,6.654,6.349,6.386,197410.5
2007-05-14,7.017,7.227,6.422000000000001,6.531000000000001,244837.87
2007-05-15,6.611000000000001,7.111000000000001,6.603,7.01,172989.97
2007-05-16,6.77,6.777,6.4,6.567,125352.02
2007-05-18,7.263999999999999,7.431,6.821000000000001,6.966,240625.43
2007-05-21,7.8660000000000005,7.895,6.9079999999999995,6.966,238205.35
2007-05-22,8.097999999999999,8.635,7.982,8.04,278644.98
2007-05-23,8.229,8.402999999999999,7.989,8.127,205953.14
2007-05-24,8.773,8.853,8.084,8.192,300835.23
2007-05-25,8.722000000000001,8.982999999999999,8.526,8.737,196643.05
2007-05-28,8.635,9.02,8.584,8.722000000000001,240765.25
2007-05-29,8.976,8.998,8.482999999999999,8.642000000000001,238369.0
2007-05-30,8.076,8.853,8.076,8.33,250977.19
2007-05-31,7.285,7.982,7.271,7.822,185936.35
2007-06-01,6.56,7.692,6.56,7.314,167162.19
2007-06-04,5.907,6.457999999999999,5.907,6.095,161857.02
2007-06-05,6.0520000000000005,6.167999999999999,5.319,5.442,210630.13
2007-06-06,5.8839999999999995,6.1979999999999995,5.534,5.899,180787.2
2007-06-07,6.475,6.475,6.066,6.337000000000001,117786.97
2007-06-08,7.125,7.125,7.125,7.125,50774.12
2007-06-11,7.694,7.7379999999999995,7.212999999999999,7.505,436838.99
2007-06-12,8.205,8.395,7.3,7.694,259294.81
2007-06-13,8.125,8.351,7.891,8.213,292578.86
2007-06-14,8.169,8.344,7.84,8.125,233972.97
2007-06-15,7.906000000000001,8.286,7.797000000000001,8.023,151117.12
2007-06-18,8.191,8.271,7.855,7.9639999999999995,229359.97
2007-06-19,8.322000000000001,8.6,8.103,8.286,205101.45
2007-06-20,7.724,8.454,7.665,8.277999999999999,185990.71
2007-06-21,7.38,7.87,7.154,7.651,146227.03
2007-06-22,7.081,7.6579999999999995,6.716,7.446000000000001,125633.53
2007-06-25,6.643,7.372999999999999,6.5120000000000005,7.154,121997.61
2007-06-26,6.9639999999999995,6.979,6.132000000000001,6.497000000000001,100632.79
2007-06-27,7.278,7.343999999999999,6.848,6.979,130778.73
2007-06-28,6.672000000000001,7.49,6.57,7.242000000000001,117783.25
2007-06-29,6.439,6.752999999999999,6.154,6.417000000000001,114971.73
2007-07-02,6.694,6.709,6.315,6.665,62095.14
2007-07-03,7.081,7.263999999999999,6.687,6.745,124696.81
2007-07-04,6.796,7.22,6.789,7.045,96512.9
2007-07-05,6.263999999999999,6.68,6.249,6.68,62301.94
2007-07-06,6.8260000000000005,6.891,6.096,6.138999999999999,76749.5
2007-07-09,7.007999999999999,7.154,6.775,6.928,130097.58
2007-07-10,6.731,7.001,6.665,6.935,75819.87
2007-07-11,6.869,7.007999999999999,6.643,6.68,60358.97
2007-07-12,6.796,6.957000000000001,6.723,6.811,60832.91
2007-07-13,6.665,6.832999999999999,6.504,6.796,47475.93
2007-07-16,6.4239999999999995,6.68,6.3660000000000005,6.629,40391.02
2007-07-17,6.672000000000001,6.775,6.285,6.3660000000000005,49492.42
2007-07-18,6.84,6.979,6.556,6.577000000000001,76499.16
2007-07-19,7.007999999999999,7.045,6.789,6.862,79970.93
2007-07-20,7.709,7.709,6.921,7.045,287936.19
2007-07-23,7.84,8.213,7.629,7.7379999999999995,269687.12
2007-07-24,8.001,8.286,7.687,7.811,214556.77
2007-07-25,8.432,8.512,7.912999999999999,7.921,190202.68
2007-07-26,8.366,8.505,8.14,8.395,134856.56
2007-07-27,8.585,8.709,8.03,8.249,171227.32
2007-07-30,8.629,9.038,8.395,8.468,183379.71
2007-07-31,8.585,8.833,8.454,8.541,134846.45
2007-08-01,8.125,8.906,8.03,8.533999999999999,163834.85
2007-08-02,8.818999999999999,8.855,8.213,8.213,213289.69
2007-08-03,9.242,9.381,8.87,8.87,350339.46
2007-08-06,9.3,9.709,9.038,9.344,213337.73
2007-08-07,9.125,9.49,8.855,9.271,180749.61
2007-08-08,9.439,9.476,8.76,8.965,249286.39
2007-08-09,10.380999999999998,10.380999999999998,9.6,9.6,480697.32
2007-08-10,10.905999999999999,11.169,10.074,10.366,361503.26
2007-08-13,10.739,10.936,10.133,10.585,191016.34
2007-08-14,11.622,11.812000000000001,10.475999999999999,10.651,290649.86
2007-08-15,11.615,12.038,11.344000000000001,11.432,184443.72
2007-08-16,10.812000000000001,11.593,10.717,11.593,236103.22
2007-08-17,10.460999999999999,11.074000000000002,10.191,10.512,189776.7
2007-08-20,11.104000000000001,11.228,10.717,10.936,140685.19
2007-08-21,11.542,11.885,10.95,11.162,153312.81
2007-08-22,11.213,11.556,11.052,11.425,139918.73
2007-08-23,11.323,11.644,10.782,11.177,142342.02
2007-08-24,11.534,11.549000000000001,11.009,11.22,124157.83
2007-08-27,11.562999999999999,12.074000000000002,11.475999999999999,11.534,123905.21
2007-08-28,11.023,11.460999999999999,10.877,11.460999999999999,117221.19
2007-08-29,10.825999999999999,11.213,10.6,11.095999999999998,81357.73
2007-08-30,10.943,11.169,10.673,10.95,72123.12
2007-08-31,11.899000000000001,12.038,10.965,11.242,182481.91
2007-09-05,11.49,11.972000000000001,11.169,11.863,105144.28
2007-09-06,11.673,11.834000000000001,11.323,11.593,81126.71
2007-09-07,11.184000000000001,11.562999999999999,11.147,11.549000000000001,80078.7
2007-09-10,11.074000000000002,11.095999999999998,10.79,10.877,108027.15
2007-09-11,10.169,11.14,9.965,11.095999999999998,88178.99
2007-09-12,10.052,10.439,9.57,10.038,56018.86
2007-09-13,10.366,10.585,10.074,10.074,45141.82
2007-09-14,10.293,10.644,10.001,10.571,48788.6
2007-09-17,10.366,10.562999999999999,10.074,10.279000000000002,61296.24
2007-09-18,10.293,10.622,9.994,10.585,84147.21
2007-09-19,10.286,10.549000000000001,10.22,10.286,51965.38
2007-09-20,10.045,10.425,10.016,10.380999999999998,47708.65
2007-09-21,9.724,10.22,9.49,10.001,85063.53
2007-09-24,10.147,10.279000000000002,9.41,9.578,62145.83
2007-09-25,9.987,10.380999999999998,9.877,9.877,32768.45
2007-09-26,9.6,10.074,9.519,10.067,31189.62
2007-09-27,9.373,9.702,9.3,9.702,40498.18
2007-09-28,9.562999999999999,9.855,9.49,9.562999999999999,47054.54
2007-10-08,10.352,10.366,9.344,9.709,104794.71
2007-10-09,10.096,10.425,9.972000000000001,10.074,61352.99
2007-10-10,9.724,10.257,9.57,10.155,81002.74
2007-10-11,9.432,9.746,9.395,9.746,63586.48
2007-10-12,8.957,9.482999999999999,8.49,9.417,124216.8
2007-10-15,8.724,8.979,8.308,8.833,71323.53
2007-10-16,8.826,8.921,8.482999999999999,8.673,42202.77
2007-10-17,8.826,8.957,8.556000000000001,8.753,37409.89
2007-10-18,8.548,8.76,8.541,8.76,31423.85
2007-10-19,8.519,8.76,8.497,8.562999999999999,25259.4
2007-10-22,7.994,8.505,7.8839999999999995,8.505,31009.61
2007-10-23,8.271,8.6,7.7379999999999995,7.8839999999999995,27931.64
2007-10-24,8.293,8.527000000000001,8.037,8.271,25880.5
2007-10-25,7.461,8.359,7.461,8.213,35028.0
2007-10-26,7.803999999999999,8.016,7.3660000000000005,7.3660000000000005,33257.17
2007-10-29,7.8839999999999995,8.096,7.709,7.803999999999999,26686.33
2007-10-30,8.118,8.235,7.7379999999999995,8.037,33152.07
2007-10-31,8.927999999999999,8.927999999999999,8.183,8.322000000000001,77915.43
2007-11-01,9.03,9.381,8.775,9.045,88590.54
2007-11-02,8.738,9.257,8.687000000000001,8.687000000000001,75348.98
2007-11-05,8.308,8.76,8.286,8.76,46089.25
2007-11-06,8.562999999999999,8.6,8.198,8.277999999999999,34267.52
2007-11-07,8.76,8.811,8.527000000000001,8.621,43922.85
2007-11-08,8.322000000000001,8.782,8.308,8.665,38583.04
2007-11-09,8.395,8.6,8.14,8.322000000000001,23840.4
2007-11-12,8.468,8.6,8.176,8.191,30891.0
2007-11-13,8.87,8.913,8.468,8.482999999999999,66141.2
2007-11-14,9.154,9.198,8.76,8.877,77510.59
2007-11-15,8.906,9.176,8.84,9.154,46596.74
2007-11-16,9.052,9.198,8.833,8.892000000000001,49247.15
2007-11-19,9.162,9.344,9.059,9.103,43162.48
2007-11-20,9.074,9.33,8.906,9.132,50754.87
2007-11-21,8.731,9.257,8.702,9.176,39109.66
2007-11-22,7.972,8.68,7.921,8.68,44910.67
2007-11-23,8.067,8.162,7.8839999999999995,7.8839999999999995,26744.8
2007-11-26,7.8260000000000005,8.322000000000001,7.811,8.154,23124.3
2007-11-27,7.803999999999999,8.023,7.775,7.775,12877.49
2007-11-28,7.519,7.95,7.483,7.832999999999999,15870.48
2007-11-29,7.775,7.8260000000000005,7.519,7.607,19687.01
2007-11-30,7.7379999999999995,8.016,7.556,7.789,21469.8
2007-12-03,8.074,8.103,7.505,7.7379999999999995,86809.77
2007-12-04,8.6,8.76,8.249,8.249,126117.2
2007-12-05,8.57,8.642999999999999,8.344,8.432,47833.88
2007-12-06,8.533999999999999,8.687000000000001,8.395,8.57,28254.01
2007-12-07,8.461,8.541,8.351,8.533999999999999,41164.46
2007-12-10,8.585,8.613999999999999,8.198,8.329,96321.83
2007-12-11,8.41,8.658,8.351,8.527000000000001,68758.82
2007-12-12,8.651,8.658,8.3,8.417,86989.11
2007-12-13,7.986000000000001,8.607000000000001,7.957000000000001,8.541,90293.08
2007-12-14,7.994,7.994,7.716,7.775,50758.97
2007-12-17,7.417000000000001,7.957000000000001,7.351,7.957000000000001,72060.9
2007-12-18,7.5120000000000005,7.636,7.2860000000000005,7.337000000000001,29417.01
2007-12-19,7.6579999999999995,7.7379999999999995,7.497000000000001,7.577999999999999,33193.67
2007-12-20,7.979,7.994,7.57,7.7379999999999995,56890.19
2007-12-21,8.169,8.322000000000001,8.03,8.045,128807.0
2007-12-24,8.176,8.271,8.052,8.14,67980.73
2007-12-25,8.125,8.249,8.045,8.183,56224.43
2007-12-26,8.154,8.205,7.912999999999999,8.089,81257.49
2007-12-27,8.454,8.512,8.089,8.169,129229.89
2007-12-28,8.337,8.505,8.286,8.446,71504.62
2008-01-02,8.57,8.607000000000001,8.264,8.337,112089.02
2008-01-03,8.693999999999999,8.753,8.468,8.541,122628.86
2008-01-04,8.855,8.943,8.578,8.76,131544.5
2008-01-08,8.687000000000001,9.184,8.6,9.059,158009.94
2008-01-09,8.84,8.87,8.49,8.49,80297.87
2008-01-10,9.461,9.6,8.847999999999999,8.862,166750.45
2008-01-11,9.527000000000001,9.629,9.277999999999999,9.49,103793.27
2008-01-14,9.549,9.927999999999999,9.497,9.578,114486.13
2008-01-15,9.461,9.695,9.417,9.562999999999999,76096.98
2008-01-16,8.826,9.417,8.775,9.417,115692.29
2008-01-17,9.373,9.417,8.613999999999999,8.767000000000001,167028.61
2008-01-18,9.264,9.344,9.118,9.344,124040.56
2008-01-21,8.548,9.191,8.344,9.191,61458.13
2008-01-22,7.694,8.381,7.694,8.381,76499.17
2008-01-23,7.848,7.935,7.3,7.694,69138.67
2008-01-24,8.176,8.235,7.702000000000001,7.855,74705.68
2008-01-25,8.264,8.613999999999999,7.921,8.067,84922.56
2008-01-28,7.439,8.293,7.439,8.176,52995.9
2008-01-29,7.7379999999999995,7.775,7.372999999999999,7.446000000000001,59597.98
2008-01-30,8.176,8.213,7.343999999999999,7.694,93821.53
2008-01-31,7.943,8.176,7.7379999999999995,8.169,49305.7
2008-02-01,7.483,8.067,7.227,8.03,51779.65
2008-02-04,8.03,8.089,7.5920000000000005,7.599,75686.46
2008-02-05,7.832999999999999,8.023,7.724,8.001,50605.29
2008-02-13,7.76,7.862,7.5920000000000005,7.731,20581.46
2008-02-14,7.8839999999999995,8.016,7.782,7.797000000000001,20608.13
2008-02-15,7.651,7.848,7.519,7.848,26290.08
2008-02-18,7.832999999999999,7.943,7.672000000000001,7.702000000000001,28491.94
2008-02-19,8.037,8.067,7.767,7.767,38618.92
2008-02-20,7.789,8.14,7.702000000000001,8.118,51328.88
2008-02-21,7.687,7.862,7.57,7.709,40579.5
2008-02-22,7.452999999999999,7.724,7.307,7.716,49559.93
2008-02-25,7.067,7.519,7.007999999999999,7.519,40880.59
2008-02-26,7.117999999999999,7.3660000000000005,6.906000000000001,7.191,24638.26
2008-02-27,7.271,7.322,7.103,7.154,20534.44
2008-02-28,7.227,7.359,7.212999999999999,7.3,28400.92
2008-02-29,7.227,7.292999999999999,7.117999999999999,7.227,52191.39
2008-03-03,7.519,7.534,7.081,7.2860000000000005,64579.81
2008-03-04,7.497000000000001,7.724,7.343999999999999,7.446000000000001,95053.04
2008-03-05,7.599,7.629,7.329,7.5120000000000005,44404.74
2008-03-06,7.724,7.832999999999999,7.446000000000001,7.563,61402.09
2008-03-07,7.702000000000001,7.848,7.563,7.716,41000.66
2008-03-10,7.497000000000001,8.176,7.395,7.702000000000001,38676.77
2008-03-11,7.585,7.6579999999999995,7.322,7.5120000000000005,23620.6
2008-03-12,7.5120000000000005,7.775,7.395,7.775,25647.54
2008-03-13,7.176,7.577999999999999,7.0520000000000005,7.475,33477.27
2008-03-14,7.227,7.439,6.942,7.191,21759.99
2008-03-17,6.723,7.57,6.57,7.4239999999999995,37889.86
2008-03-18,6.1610000000000005,6.775,6.0520000000000005,6.643,39428.04
2008-03-19,6.3660000000000005,6.556,6.132000000000001,6.278,30872.84
2008-03-20,6.263999999999999,6.702000000000001,6.037000000000001,6.351,42753.04
2008-03-21,6.891,6.891,6.577000000000001,6.862,139297.61
2008-03-24,6.504,6.994,6.49,6.906000000000001,109330.62
2008-03-25,6.636,6.767,6.147,6.285,57910.07
2008-03-26,6.307,6.76,6.242000000000001,6.76,62478.63
2008-03-27,5.869,6.234,5.68,6.234,95769.67
2008-03-28,6.007999999999999,6.045,5.402,5.694,115555.52
2008-03-31,5.555,5.912999999999999,5.547999999999999,5.789,49369.0
2008-04-01,5.001,5.687,5.001,5.555,60191.81
2008-04-02,4.7010000000000005,5.169,4.599,5.11,46964.89
2008-04-03,4.8839999999999995,4.957,4.65,4.716,29569.81
2008-04-07,5.169,5.22,4.694,4.8180000000000005,47807.79
2008-04-08,5.3,5.395,5.074,5.169,59378.8
2008-04-09,5.008,5.475,4.986000000000001,5.263,69181.46
2008-04-10,5.271,5.3,4.774,4.92,52517.43
2008-04-11,5.278,5.439,5.183,5.3,57570.82
2008-04-14,4.752,5.256,4.752,5.256,55011.16
2008-04-15,4.723,4.891,4.387,4.752,42368.35
2008-04-17,4.38,4.665,4.3069999999999995,4.526,35405.03
2008-04-18,4.037,4.38,4.015,4.38,28639.12
2008-04-21,3.898,4.38,3.8689999999999998,4.271,38612.55
2008-04-22,4.022,4.088,3.6430000000000002,3.957,35071.99
2008-04-23,4.22,4.256,3.928,3.928,35517.96
2008-04-24,4.643,4.643,4.453,4.636,97499.74
2008-04-25,4.7669999999999995,4.8469999999999995,4.482,4.599,205249.55
2008-04-28,4.519,4.716,4.49,4.57,57440.6
2008-04-29,4.446000000000001,4.585,4.38,4.49,57180.87
2008-04-30,4.672,4.694,4.453,4.497,94062.55
2008-05-05,4.891,4.9639999999999995,4.599,4.694,114275.42
2008-05-06,4.796,4.95,4.752,4.8180000000000005,95283.81
2008-05-07,4.446000000000001,4.8180000000000005,4.4239999999999995,4.716,100894.01
2008-05-08,4.533,4.57,4.271,4.373,86219.87
2008-05-09,4.373,4.548,4.2410000000000005,4.533,71201.53
2008-05-12,4.373,4.439,4.1610000000000005,4.343999999999999,56864.43
2008-05-13,4.49,4.555,4.1610000000000005,4.198,91375.13
2008-05-14,4.7669999999999995,4.825,4.453,4.453,116498.24
2008-05-15,4.716,4.906000000000001,4.694,4.782,105797.35
2008-05-16,4.585,4.774,4.49,4.687,64875.22
2008-05-19,4.585,4.606,4.49,4.541,33780.81
2008-05-20,4.234,4.672,4.154,4.585,70800.09
2008-05-21,4.351,4.373,4.088,4.271,46013.55
2008-05-22,4.65,4.7010000000000005,4.234,4.271,109894.19
2008-05-23,4.526,4.782,4.439,4.687,112847.12
2008-05-26,4.409,4.57,4.2410000000000005,4.402,53111.69
2008-05-27,4.504,4.57,4.3069999999999995,4.38,47323.97
2008-05-28,4.672,4.709,4.453,4.526,82829.53
2008-05-29,4.387,4.723,4.38,4.65,66512.72
2008-05-30,4.417,4.453,4.3,4.38,42986.03
2008-06-02,4.3580000000000005,4.439,4.234,4.439,44192.73
2008-06-03,4.322,4.387,4.263,4.351,27705.22
2008-06-04,4.417,4.446000000000001,4.2780000000000005,4.329,50768.8
2008-06-05,4.2780000000000005,4.402,4.198,4.402,32380.62
2008-06-06,4.263,4.322,4.189,4.3069999999999995,26691.84
2008-06-10,3.8360000000000003,4.086,3.8360000000000003,4.086,45523.25
2008-06-11,3.645,3.755,3.571,3.733,34428.07
2008-06-12,3.6,3.6889999999999996,3.446,3.608,31480.88
2008-06-13,3.431,3.645,3.4019999999999997,3.637,23134.27
2008-06-16,3.35,3.5189999999999997,3.313,3.431,20009.7
2008-06-17,3.0780000000000003,3.446,3.0260000000000002,3.424,21993.75
2008-06-18,3.2030000000000003,3.2760000000000002,2.945,3.063,29369.53
2008-06-19,2.945,3.2030000000000003,2.908,3.1660000000000004,48756.61
2008-06-20,3.0780000000000003,3.195,2.9160000000000004,3.0039999999999996,38714.68
2008-06-23,3.122,3.225,3.0189999999999997,3.0189999999999997,25865.6
2008-06-24,3.299,3.387,3.092,3.159,55381.21
2008-06-25,3.424,3.4610000000000003,3.2539999999999996,3.306,49405.5
2008-06-26,3.6519999999999997,3.762,3.3569999999999998,3.409,123194.59
2008-06-27,3.6,3.8139999999999996,3.35,3.645,142144.05
2008-06-30,3.637,3.7769999999999997,3.468,3.593,130390.89
2008-07-01,3.5189999999999997,3.748,3.446,3.718,107477.1
2008-07-02,3.5639999999999996,3.615,3.4019999999999997,3.49,91049.05
2008-07-03,3.674,3.755,3.4610000000000003,3.549,112883.61
2008-07-04,3.505,3.696,3.497,3.615,68471.91
2008-07-07,3.7260000000000004,3.74,3.4610000000000003,3.468,104358.93
2008-07-08,3.858,3.865,3.593,3.733,99040.57
2008-07-09,3.946,4.086,3.7769999999999997,3.8289999999999997,148494.36
2008-07-10,3.8139999999999996,4.05,3.807,3.8289999999999997,107943.37
2008-07-11,3.667,3.865,3.5639999999999996,3.8289999999999997,75699.98
2008-07-14,3.74,3.755,3.571,3.667,41440.66
2008-07-15,3.542,3.8510000000000004,3.534,3.762,58186.73
2008-07-16,3.21,3.5189999999999997,3.188,3.5189999999999997,60661.06
2008-07-17,3.159,3.313,3.114,3.2760000000000002,31120.48
2008-07-18,3.2910000000000004,3.313,3.0780000000000003,3.181,27516.18
2008-07-21,3.431,3.4610000000000003,3.2319999999999998,3.2760000000000002,36721.98
2008-07-22,3.4530000000000003,3.549,3.446,3.483,42284.47
2008-07-23,3.438,3.549,3.409,3.4530000000000003,34760.54
2008-07-24,3.637,3.681,3.4610000000000003,3.475,63398.83
2008-07-25,3.5639999999999996,3.645,3.505,3.593,41742.84
2008-07-28,3.7030000000000003,3.748,3.571,3.608,59030.78
2008-07-29,3.549,3.6519999999999997,3.534,3.6519999999999997,33723.62
2008-07-30,3.659,3.74,3.549,3.5860000000000003,50378.07
2008-07-31,3.5639999999999996,3.755,3.497,3.681,44797.16
2008-08-01,3.622,3.674,3.3569999999999998,3.534,48006.3
2008-08-04,3.49,3.63,3.4610000000000003,3.5860000000000003,22696.68
2008-08-05,3.4019999999999997,3.556,3.335,3.505,18558.53
2008-08-06,3.5269999999999997,3.5269999999999997,3.3569999999999998,3.446,23830.98
2008-08-07,3.6519999999999997,3.681,3.468,3.497,73221.53
2008-08-08,3.335,3.637,3.284,3.608,50751.19
2008-08-11,3.0039999999999996,3.3569999999999998,3.0039999999999996,3.3569999999999998,32939.72
2008-08-12,2.872,3.0039999999999996,2.827,2.96,26282.6
2008-08-13,2.872,2.938,2.658,2.8789999999999996,19877.16
2008-08-14,2.8939999999999997,2.938,2.805,2.8789999999999996,14127.64
2008-08-15,2.864,2.938,2.842,2.923,10193.47
2008-08-18,2.577,2.872,2.577,2.842,20027.0
2008-08-19,2.658,2.673,2.548,2.562,22703.53
2008-08-20,2.9010000000000002,2.908,2.555,2.6210000000000004,40792.43
2008-08-21,2.923,2.967,2.7760000000000002,2.8569999999999998,47138.22
2008-08-22,2.967,3.0260000000000002,2.8569999999999998,2.872,47475.47
2008-08-25,2.872,3.0039999999999996,2.8569999999999998,2.9819999999999998,21843.92
2008-08-26,2.665,2.864,2.6060000000000003,2.82,23929.23
2008-08-27,2.7319999999999998,2.805,2.614,2.614,21749.19
2008-08-28,2.7319999999999998,2.82,2.695,2.717,13652.25
2008-08-29,2.842,2.864,2.717,2.7680000000000002,28838.49
2008-09-01,2.687,2.82,2.636,2.783,27674.23
2008-09-02,2.717,2.761,2.6289999999999996,2.68,15101.75
2008-09-03,2.7539999999999996,2.7760000000000002,2.665,2.7319999999999998,20051.65
2008-09-04,2.908,2.989,2.717,2.7680000000000002,56546.18
2008-09-05,2.658,2.842,2.6510000000000002,2.805,48299.02
2008-09-08,2.6289999999999996,2.71,2.592,2.687,21345.39
2008-09-09,2.687,2.71,2.6289999999999996,2.6289999999999996,17887.19
2008-09-10,2.7760000000000002,2.798,2.6510000000000002,2.687,32229.17
2008-09-11,2.68,2.835,2.6430000000000002,2.783,28322.62
2008-09-12,2.68,2.7460000000000004,2.658,2.7239999999999998,16896.31
2008-09-16,2.7239999999999998,2.7910000000000004,2.665,2.68,43474.05
2008-09-17,2.452,2.71,2.452,2.702,55394.95
2008-09-18,2.2969999999999997,2.4,2.209,2.29,40396.14
2008-09-19,2.525,2.525,2.459,2.503,42027.59
2008-09-22,2.5989999999999998,2.7680000000000002,2.503,2.68,73234.48
2008-09-23,2.378,2.525,2.371,2.489,43373.88
2008-09-24,2.444,2.444,2.312,2.3409999999999997,16397.01
2008-09-25,2.481,2.592,2.4,2.444,49718.1
2008-09-26,2.548,2.5839999999999996,2.386,2.481,54317.01
2008-10-06,2.386,2.489,2.378,2.43,28781.9
2008-10-07,2.415,2.467,2.2969999999999997,2.2969999999999997,24146.83
2008-10-08,2.371,2.452,2.3409999999999997,2.378,20907.71
2008-10-09,2.327,2.452,2.327,2.452,21860.57
2008-10-10,2.121,2.275,2.106,2.275,22809.41
2008-10-13,2.1790000000000003,2.194,2.003,2.121,20222.93
2008-10-14,2.135,2.282,2.128,2.253,31948.06
2008-10-15,2.1430000000000002,2.1790000000000003,2.076,2.0980000000000003,15231.65
2008-10-16,2.15,2.224,2.032,2.0540000000000003,37545.26
2008-10-17,2.15,2.209,2.106,2.1719999999999997,21327.6
2008-10-20,2.2159999999999997,2.238,2.113,2.1719999999999997,27987.82
2008-10-21,2.231,2.2680000000000002,2.187,2.224,31965.54
2008-10-22,2.121,2.224,2.113,2.194,21844.0
2008-10-23,2.194,2.201,2.113,2.1430000000000002,36204.14
2008-10-24,2.106,2.194,2.076,2.157,20286.64
2008-10-27,1.892,2.076,1.892,2.062,25527.99
2008-10-28,1.922,1.929,1.819,1.855,22834.58
2008-10-29,1.7890000000000001,1.959,1.7819999999999998,1.936,20007.69
2008-10-30,1.819,1.8780000000000001,1.804,1.8630000000000002,23353.09
2008-10-31,1.7819999999999998,1.855,1.767,1.819,13128.99
2008-11-03,1.7519999999999998,1.819,1.745,1.745,11578.67
2008-11-04,1.716,1.774,1.686,1.7519999999999998,14774.7
2008-11-05,1.774,1.797,1.716,1.716,14998.93
2008-11-06,1.73,1.7380000000000002,1.7009999999999998,1.716,13289.25
2008-11-07,1.767,1.7819999999999998,1.642,1.693,18867.27
2008-11-10,1.922,1.929,1.774,1.804,41705.46
2008-11-11,1.9,2.01,1.8630000000000002,1.892,51147.9
2008-11-12,1.9880000000000002,2.01,1.848,1.885,46855.21
2008-11-13,2.0909999999999997,2.135,1.936,1.966,85799.27
2008-11-14,2.224,2.238,2.084,2.106,95961.13
2008-11-17,2.29,2.319,2.1430000000000002,2.1719999999999997,89832.13
2008-11-18,2.062,2.319,2.062,2.253,76232.45
2008-11-19,2.201,2.231,2.032,2.032,61823.51
2008-11-20,2.282,2.356,2.1430000000000002,2.165,141058.03
2008-11-21,2.356,2.459,2.0909999999999997,2.209,209257.72
2008-11-24,2.165,2.349,2.157,2.3409999999999997,95294.43
2008-11-25,2.1430000000000002,2.224,2.0909999999999997,2.209,46203.13
2008-11-26,2.1719999999999997,2.231,2.069,2.1430000000000002,35222.78
2008-11-27,2.3930000000000002,2.3930000000000002,2.3930000000000002,2.3930000000000002,104872.61
2008-11-28,2.481,2.57,2.327,2.3930000000000002,377532.65
2008-12-01,2.496,2.54,2.327,2.408,213892.61
2008-12-02,2.4,2.481,2.3409999999999997,2.363,154064.43
2008-12-03,2.496,2.503,2.386,2.415,174237.54
2008-12-04,2.415,2.562,2.408,2.525,221964.15
2008-12-05,2.548,2.562,2.371,2.371,178367.9
2008-12-08,2.7910000000000004,2.805,2.548,2.614,298355.9
2008-12-09,2.614,2.798,2.6060000000000003,2.798,193426.59
2008-12-10,2.6510000000000002,2.673,2.533,2.577,103917.35
2008-12-11,2.555,2.71,2.548,2.6510000000000002,106531.94
2008-12-12,2.3930000000000002,2.57,2.349,2.525,96360.22
2008-12-15,2.43,2.459,2.349,2.437,57966.93
2008-12-16,2.57,2.5839999999999996,2.378,2.43,105204.5
2008-12-17,2.577,2.6289999999999996,2.525,2.5839999999999996,105515.77
2008-12-18,2.614,2.687,2.54,2.658,122175.67
2008-12-19,2.577,2.6289999999999996,2.555,2.614,80278.85
2008-12-22,2.503,2.6060000000000003,2.452,2.5839999999999996,64793.01
2008-12-23,2.356,2.562,2.349,2.525,73575.17
2008-12-24,2.4219999999999997,2.43,2.2969999999999997,2.312,58150.7
2008-12-25,2.2969999999999997,2.408,2.253,2.378,51674.0
2008-12-26,2.2680000000000002,2.312,2.26,2.312,25837.58
2008-12-29,2.246,2.2680000000000002,2.165,2.246,37069.77
2008-12-30,2.157,2.26,2.1430000000000002,2.231,33528.28
2008-12-31,2.121,2.187,2.0980000000000003,2.157,18278.71
2009-01-05,2.224,2.231,2.135,2.1719999999999997,30184.24
2009-01-06,2.2969999999999997,2.319,2.201,2.2159999999999997,56230.54
2009-01-07,2.319,2.356,2.275,2.2969999999999997,61111.45
2009-01-08,2.2680000000000002,2.327,2.224,2.282,45839.03
2009-01-09,2.327,2.363,2.253,2.2680000000000002,51103.87
2009-01-12,2.437,2.489,2.29,2.305,133986.44
2009-01-13,2.437,2.496,2.386,2.4,146938.33
2009-01-14,2.481,2.481,2.4,2.43,118381.4
2009-01-15,2.437,2.489,2.386,2.4219999999999997,101354.76
2009-01-16,2.489,2.5180000000000002,2.43,2.437,124161.88
2009-01-19,2.459,2.555,2.43,2.548,83980.2
2009-01-20,2.452,2.474,2.386,2.437,55135.3
2009-01-21,2.481,2.489,2.4,2.415,65147.76
2009-01-22,2.5180000000000002,2.533,2.474,2.511,90240.29
2009-01-23,2.481,2.533,2.467,2.525,56771.09
2009-02-02,2.5180000000000002,2.525,2.452,2.496,63420.18
2009-02-03,2.5989999999999998,2.6060000000000003,2.496,2.503,124816.87
2009-02-04,2.673,2.687,2.5839999999999996,2.614,143376.32
2009-02-05,2.614,2.739,2.5839999999999996,2.658,160244.08
2009-02-06,2.7760000000000002,2.798,2.6060000000000003,2.6060000000000003,163306.26
2009-02-09,2.886,2.9160000000000004,2.7239999999999998,2.827,265818.94
2009-02-10,2.967,3.0039999999999996,2.813,2.835,193149.98
2009-02-11,3.0410000000000004,3.1660000000000004,2.872,2.872,258811.26
2009-02-12,3.1,3.1069999999999998,2.9010000000000002,3.0410000000000004,197899.69
2009-02-13,3.3280000000000003,3.387,3.085,3.114,240203.04
2009-02-16,3.299,3.3569999999999998,3.181,3.321,229401.92
2009-02-17,3.07,3.299,3.056,3.299,147575.0
2009-02-18,2.8789999999999996,3.1,2.872,2.967,124124.84
2009-02-19,2.967,2.9819999999999998,2.835,2.93,96151.03
2009-02-20,3.033,3.0410000000000004,2.908,2.967,78093.57
2009-02-23,3.188,3.2030000000000003,3.0780000000000003,3.1,131399.26
2009-02-24,3.2760000000000002,3.313,3.1069999999999998,3.1439999999999997,250769.45
2009-02-25,3.159,3.335,3.011,3.299,237456.86
2009-02-26,2.8789999999999996,3.1510000000000002,2.842,3.1,106890.95
2009-02-27,2.665,2.864,2.6430000000000002,2.8569999999999998,73309.89
2009-03-02,2.761,2.7910000000000004,2.6430000000000002,2.658,53523.73
2009-03-03,2.7760000000000002,2.835,2.687,2.717,58327.66
2009-03-04,2.96,2.9819999999999998,2.7680000000000002,2.7680000000000002,110297.51
2009-03-05,3.0410000000000004,3.1069999999999998,2.945,3.0260000000000002,155584.56
2009-03-06,3.0410000000000004,3.122,2.93,2.96,107981.93
2009-03-09,2.813,3.122,2.783,3.0780000000000003,113153.27
2009-03-10,2.908,2.908,2.7239999999999998,2.783,58828.57
2009-03-11,2.96,3.0039999999999996,2.908,2.967,82592.43
2009-03-12,3.056,3.085,2.886,2.967,128087.31
2009-03-13,3.063,3.1069999999999998,2.975,3.056,98046.39
2009-03-16,3.1069999999999998,3.1510000000000002,3.0260000000000002,3.07,139847.24
2009-03-17,3.335,3.4019999999999997,3.0780000000000003,3.122,294254.91
2009-03-18,3.409,3.549,3.262,3.284,356069.41
2009-03-19,3.424,3.483,3.335,3.4160000000000004,289141.28
2009-03-20,3.3569999999999998,3.424,3.2760000000000002,3.424,166818.21
2009-03-23,3.483,3.571,3.321,3.365,257702.28
2009-03-24,3.6,3.674,3.5269999999999997,3.534,265451.13
2009-03-25,3.446,3.637,3.438,3.534,151259.46
2009-03-26,3.593,3.622,3.4530000000000003,3.4530000000000003,146871.2
2009-03-27,3.534,3.615,3.5189999999999997,3.615,114532.66
2009-03-30,3.4530000000000003,3.556,3.431,3.549,85544.72
2009-03-31,3.49,3.497,3.313,3.35,110342.88
2009-04-01,3.556,3.5860000000000003,3.49,3.49,130349.02
2009-04-02,3.512,3.63,3.505,3.571,123194.27
2009-04-03,3.446,3.556,3.424,3.542,129191.2
2009-04-07,3.468,3.483,3.3939999999999997,3.446,67321.55
2009-04-08,3.306,3.475,3.299,3.446,92292.1
2009-04-09,3.335,3.3569999999999998,3.24,3.299,76670.62
2009-04-10,3.475,3.534,3.35,3.3569999999999998,118171.34
2009-04-13,3.645,3.74,3.475,3.505,273909.4
2009-04-14,3.622,3.696,3.5189999999999997,3.645,199050.75
2009-04-15,3.63,3.637,3.534,3.6,148633.31
2009-04-17,3.549,3.667,3.512,3.645,132617.32
2009-04-20,3.6889999999999996,3.696,3.505,3.512,167370.29
2009-04-21,3.674,3.755,3.5780000000000003,3.645,155809.86
2009-04-22,3.637,3.888,3.556,3.7260000000000004,235801.68
2009-04-23,3.615,3.667,3.3939999999999997,3.608,105116.88
2009-04-24,3.7260000000000004,3.821,3.608,3.645,246806.17
2009-04-27,3.4530000000000003,3.748,3.431,3.674,165255.22
2009-04-28,3.505,3.5189999999999997,3.4160000000000004,3.4610000000000003,75014.74
2009-04-29,3.674,3.696,3.4610000000000003,3.5189999999999997,126426.57
2009-04-30,3.843,3.924,3.6889999999999996,3.718,258281.26
2009-05-04,3.9610000000000003,4.064,3.799,3.8289999999999997,262784.42
2009-05-06,3.991,4.072,3.888,3.969,191688.08
2009-05-07,3.9389999999999996,4.072,3.8289999999999997,4.027,168020.33
2009-05-08,4.175,4.337,3.8289999999999997,3.9019999999999997,291192.72
2009-05-11,3.873,4.256,3.8289999999999997,4.131,284708.42
2009-05-12,4.02,4.027,3.821,3.8289999999999997,148956.57
2009-05-13,4.02,4.131,3.9760000000000004,4.005,155456.08
2009-05-14,4.0569999999999995,4.086,3.888,3.9760000000000004,121417.6
2009-05-15,4.204,4.293,4.005,4.079,231012.28
2009-05-18,4.263,4.3,4.035,4.16,168782.37
2009-05-19,4.226,4.381,4.189,4.263,156797.19
2009-05-20,4.204,4.329,4.197,4.226,125568.2
2009-05-21,3.998,4.218999999999999,3.9760000000000004,4.16,181808.67
2009-05-22,4.042,4.079,3.9019999999999997,3.983,73599.63
2009-05-25,4.042,4.086,3.88,3.88,91139.13
2009-05-26,3.9760000000000004,4.093999999999999,3.9610000000000003,4.027,79895.01
2009-05-27,3.9760000000000004,4.042,3.9389999999999996,3.991,71721.64
2009-06-01,4.086,4.131,4.035,4.064,108161.42
2009-06-02,4.146,4.191,4.079,4.109,101768.91
2009-06-03,4.28,4.354,4.1160000000000005,4.1530000000000005,187500.14
2009-06-04,4.213,4.257,4.124,4.257,103824.82
2009-06-05,4.124,4.242,4.1160000000000005,4.22,69560.61
2009-06-08,4.1610000000000005,4.235,4.042,4.124,99092.82
2009-06-09,4.265,4.272,4.02,4.168,130568.29
2009-06-10,4.361000000000001,4.5089999999999995,4.28,4.287,276763.49
2009-06-11,4.228,4.369,4.22,4.309,125331.98
2009-06-12,4.1160000000000005,4.272,4.042,4.228,102040.42
2009-06-15,4.198,4.198,4.079,4.079,57039.3
2009-06-16,4.124,4.198,4.093999999999999,4.1610000000000005,55098.64
2009-06-17,4.28,4.354,4.087,4.124,132826.28
2009-06-18,4.242,4.302,4.228,4.272,105558.81
2009-06-19,4.406000000000001,4.487,4.287,4.287,282113.44
2009-06-22,4.495,4.547,4.383,4.45,257471.08
2009-06-23,4.361000000000001,4.495,4.309,4.398,136093.03
2009-06-24,4.598,4.702,4.354,4.361000000000001,209904.93
2009-06-25,4.762,4.843,4.561,4.613,290045.37
2009-06-26,4.814,4.9319999999999995,4.665,4.784,231790.47
2009-06-29,4.836,5.021,4.747,4.747,256791.06
2009-06-30,4.65,4.895,4.621,4.843,190560.32
2009-07-01,5.118,5.118,4.606,4.636,242777.77
2009-07-02,5.332999999999999,5.4,5.147,5.325,521890.72
2009-07-03,5.6,5.711,5.207000000000001,5.251,325483.3
2009-07-06,5.414,5.711,5.385,5.555,278029.59
2009-07-07,5.318,5.459,5.229,5.414,163115.87
2009-07-08,5.555,5.615,5.229,5.266,178863.04
2009-07-09,5.4510000000000005,5.547999999999999,5.348,5.547999999999999,135738.61
2009-07-10,5.466,5.667000000000001,5.325,5.4510000000000005,234160.7
2009-07-13,5.392,5.57,5.34,5.377000000000001,150623.03
2009-07-14,5.481,5.518,5.385,5.392,162354.45
2009-07-15,5.437,5.629,5.377000000000001,5.474,232759.94
2009-07-16,5.414,5.577999999999999,5.37,5.481,220187.01
2009-07-17,5.355,5.444,5.281000000000001,5.414,155904.08
2009-07-20,5.4,5.407,5.266,5.332999999999999,156858.81
2009-07-21,5.6370000000000005,5.852,5.34,5.4,478394.98
2009-07-22,5.644,5.659,5.437,5.5920000000000005,245755.72
2009-07-23,6.007999999999999,6.141,5.577999999999999,5.615,361149.14
2009-07-24,5.882000000000001,6.045,5.6739999999999995,5.934,210176.56
2009-07-27,5.867000000000001,6.0,5.733,5.919,154978.49
2009-07-28,6.0889999999999995,6.156000000000001,5.807,5.874,236931.93
2009-07-29,5.563,6.0889999999999995,5.481,6.0520000000000005,236273.91
2009-07-30,5.481,5.689,5.199,5.563,150689.39
2009-07-31,5.756,5.785,5.414,5.489,159824.85
2009-08-03,5.756,5.785,5.57,5.733,115550.19
2009-08-04,5.711,6.007999999999999,5.704,5.756,184432.02
2009-08-05,5.563,5.785,5.392,5.6739999999999995,154247.48
2009-08-06,5.6739999999999995,5.815,5.4,5.489,175392.09
2009-08-07,5.644,5.659,5.392,5.629,135941.77
2009-08-10,5.377000000000001,5.778,5.296,5.5920000000000005,141359.4
2009-08-11,5.4,5.474,5.332999999999999,5.4510000000000005,71607.2
2009-08-12,5.281000000000001,5.459,5.266,5.4,83608.62
2009-08-13,5.287999999999999,5.348,5.132999999999999,5.34,93928.91
2009-08-14,5.006,5.332999999999999,5.006,5.251,78465.47
2009-08-17,4.5089999999999995,4.977,4.5089999999999995,4.977,96880.12
2009-08-18,4.5760000000000005,4.591,4.398,4.5089999999999995,66232.01
2009-08-19,4.168,4.591,4.1160000000000005,4.5760000000000005,64741.25
2009-08-20,4.361000000000001,4.376,4.131,4.191,87638.03
2009-08-21,4.487,4.495,4.302,4.354,88866.23
2009-08-24,4.487,4.532,4.361000000000001,4.532,151147.41
2009-08-25,4.294,4.435,4.1530000000000005,4.435,97773.29
2009-08-26,4.465,4.502,4.213,4.257,105860.76
2009-08-27,4.553999999999999,4.584,4.383,4.42,107605.24
2009-08-28,4.383,4.539,4.346,4.539,63625.65
2009-08-31,3.983,4.3389999999999995,3.975,4.302,70941.85
2009-09-02,4.087,4.124,3.983,4.02,54472.83
2009-09-03,4.4430000000000005,4.487,4.109,4.1160000000000005,112652.99
2009-09-04,4.628,4.65,4.376,4.435,152988.17
2009-09-07,4.584,4.702,4.495,4.628,132065.05
2009-09-08,4.68,4.732,4.561,4.591,135348.22
2009-09-09,4.613,4.687,4.547,4.68,100086.29
2009-09-10,4.621,4.717,4.569,4.591,79358.29
2009-09-11,4.68,4.739,4.5760000000000005,4.636,95647.45
2009-09-14,4.791,4.821000000000001,4.68,4.687,102840.56
2009-09-15,4.7989999999999995,4.836,4.695,4.784,93790.59
2009-09-16,4.791,4.873,4.687,4.776,98769.63
2009-09-17,4.94,4.954,4.821000000000001,4.836,120349.21
2009-09-18,4.584,4.999,4.532,4.947,163314.39
2009-09-21,4.65,4.658,4.4719999999999995,4.584,82970.46
2009-09-22,4.5169999999999995,4.695,4.5089999999999995,4.65,85074.22
2009-09-23,4.42,4.592,4.271,4.532,57848.31
2009-09-25,4.435,4.48,4.36,4.42,45937.04
2009-09-28,4.383,4.487,4.226,4.42,36096.42
2009-09-29,4.39,4.48,4.211,4.368,48307.39
2009-09-30,4.368,4.5169999999999995,4.338,4.465,59724.52
2009-10-09,4.57,4.577,4.413,4.45,68541.74
2009-10-12,4.547,4.622,4.502,4.562,57175.32
2009-10-13,4.622,4.629,4.495,4.547,50247.1
2009-10-14,4.704,4.794,4.6,4.637,112122.42
2009-10-15,4.667,4.779,4.637,4.734,65819.32
2009-10-16,4.6819999999999995,4.757,4.562,4.659,63470.66
2009-10-19,4.959,5.026,4.6739999999999995,4.6739999999999995,204168.14
2009-10-20,4.988,4.996,4.869,4.936,141441.52
2009-10-21,5.048,5.257999999999999,4.9510000000000005,5.011,198109.59
2009-10-22,5.1160000000000005,5.205,4.988,5.011,150604.98
2009-10-23,5.287999999999999,5.422000000000001,5.093,5.1160000000000005,208107.2
2009-10-26,5.205,5.407,5.122999999999999,5.303,173111.17
2009-10-27,4.988,5.16,4.981,5.16,119521.44
2009-10-28,5.018,5.071000000000001,4.787,4.988,87530.9
2009-10-29,4.816,4.921,4.794,4.869,69619.65
2009-10-30,4.914,4.9510000000000005,4.831,4.914,62917.6
2009-11-02,5.078,5.086,4.749,4.787,124527.08
2009-11-03,5.183,5.235,5.048,5.078,135844.05
2009-11-04,5.1160000000000005,5.19,5.033,5.175,130531.72
2009-11-05,5.153,5.205,5.093,5.1160000000000005,111988.32
2009-11-06,5.265,5.31,5.16,5.16,156476.64
2009-11-09,5.265,5.303,5.122999999999999,5.28,124967.4
2009-11-10,5.28,5.325,5.205,5.265,137090.36
2009-11-11,5.228,5.273,5.146,5.235,88246.48
2009-11-12,5.37,5.437,5.205,5.228,201800.69
2009-11-13,5.437,5.452000000000001,5.228,5.332999999999999,144352.0
2009-11-16,5.624,5.638999999999999,5.392,5.43,213256.25
2009-11-17,5.617000000000001,5.736000000000001,5.609,5.7139999999999995,336208.75
2009-11-18,5.579,5.624,5.534,5.609,118366.98
2009-11-19,5.662000000000001,5.684,5.534,5.609,135562.41
2009-11-20,5.654,5.744,5.572,5.638999999999999,125154.84
2009-11-23,5.706,5.7139999999999995,5.609,5.654,116994.54
2009-11-24,5.407,5.856,5.318,5.7139999999999995,220836.43
2009-11-25,5.617000000000001,5.624,5.34,5.355,110985.95
2009-11-26,5.422000000000001,5.834,5.392,5.602,195504.62
2009-11-27,5.146,5.482,5.122999999999999,5.355,128724.01
2009-11-30,5.385,5.385,5.1979999999999995,5.1979999999999995,75746.2
2009-12-01,5.475,5.505,5.325,5.445,95891.96
2009-12-02,5.617000000000001,5.7139999999999995,5.445,5.497000000000001,136081.31
2009-12-03,5.587000000000001,5.662000000000001,5.505,5.609,105941.95
2009-12-04,5.647,5.669,5.355,5.587000000000001,166149.91
2009-12-07,5.7589999999999995,5.796,5.593999999999999,5.602,161635.33
2009-12-08,5.766,5.983,5.706,5.796,268437.61
2009-12-09,5.766,5.938,5.609,5.692,190265.64
2009-12-10,5.692,5.9079999999999995,5.602,5.834,135036.14
2009-12-11,5.564,5.744,5.534,5.721,105675.39
2009-12-14,5.534,5.542000000000001,5.31,5.542000000000001,106963.43
2009-12-15,5.37,5.497000000000001,5.347,5.407,114893.37
2009-12-16,5.37,5.407,5.318,5.347,67648.63
2009-12-17,5.19,5.4,5.167999999999999,5.37,62451.37
2009-12-21,5.026,5.078,4.802,4.891,93617.71
2009-12-22,4.704,5.018,4.697,5.011,71051.53
2009-12-23,4.757,4.802,4.652,4.718999999999999,43660.06
2009-12-24,4.891,4.891,4.727,4.763999999999999,63271.77
2009-12-25,4.869,4.921,4.816,4.861000000000001,56003.13
2009-12-28,4.936,4.966,4.846,4.891,47985.78
2009-12-29,4.8839999999999995,4.974,4.846,4.9510000000000005,54377.11
2009-12-30,4.974,4.988,4.876,4.914,79919.97
2009-12-31,4.981,5.003,4.921,4.944,51198.74
2010-01-04,4.861000000000001,5.033,4.854,5.011,81285.91
2010-01-05,4.794,4.891,4.712,4.876,82397.81
2010-01-06,4.816,4.854,4.712,4.794,73350.97
2010-01-07,4.936,4.959,4.772,4.787,139326.35
2010-01-08,4.996,4.996,4.861000000000001,4.914,148405.72
2010-01-11,4.869,4.981,4.824,4.981,89677.08
2010-01-12,4.944,4.966,4.824,4.861000000000001,91982.04
2010-01-13,4.763999999999999,4.861000000000001,4.749,4.824,96833.15
2010-01-14,4.959,5.048,4.734,4.763999999999999,143865.46
2010-01-15,5.273,5.347,4.921,4.936,293530.89
2010-01-18,5.28,5.385,5.1160000000000005,5.235,316824.34
2010-01-19,5.1979999999999995,5.273,5.153,5.273,101851.12
2010-01-20,5.242999999999999,5.377000000000001,5.093,5.1979999999999995,237812.07
2010-01-21,5.28,5.325,5.131,5.131,153987.93
2010-01-22,5.018,5.19,4.861000000000001,5.19,115972.36
2010-01-25,4.861000000000001,5.041,4.8389999999999995,4.936,54289.89
2010-01-26,4.6,4.891,4.577,4.891,72526.47
2010-01-27,4.607,4.704,4.562,4.622,36280.31
2010-01-28,4.659,4.6819999999999995,4.607,4.607,27765.35
2010-01-29,4.644,4.718999999999999,4.57,4.615,46266.65
2010-02-01,4.689,4.757,4.4719999999999995,4.622,77165.44
2010-02-02,4.689,4.734,4.644,4.689,50062.57
2010-02-03,4.802,4.8389999999999995,4.659,4.6739999999999995,94052.44
2010-02-04,4.846,4.899,4.712,4.779,75153.4
2010-02-05,4.6739999999999995,4.809,4.622,4.712,53531.15
2010-02-08,4.697,4.763999999999999,4.667,4.667,24256.99
2010-02-09,4.712,4.779,4.6739999999999995,4.704,24888.21
2010-02-10,4.734,4.772,4.689,4.763999999999999,26940.38
2010-02-11,4.712,4.787,4.704,4.734,42611.95
2010-02-12,4.718999999999999,4.763999999999999,4.6739999999999995,4.749,42171.64
2010-02-22,4.659,4.734,4.622,4.734,42007.48
2010-02-23,4.779,4.787,4.637,4.659,66140.13
2010-02-24,4.831,4.8389999999999995,4.712,4.734,58953.92
2010-02-25,4.928999999999999,4.9510000000000005,4.809,4.824,76586.25
2010-02-26,4.891,4.981,4.891,4.921,85485.72
2010-03-01,4.914,4.944,4.846,4.899,59893.27
2010-03-02,4.996,5.003,4.869,4.899,82651.31
2010-03-03,4.996,5.003,4.936,4.996,82246.72
2010-03-04,4.779,5.063,4.757,5.003,86511.82
2010-03-05,4.816,4.831,4.6819999999999995,4.779,79033.2
2010-03-08,5.122999999999999,5.1979999999999995,4.794,4.809,245925.77
2010-03-09,5.131,5.22,5.011,5.086,187041.36
2010-03-10,5.026,5.153,4.944,5.153,91121.05
2010-03-11,4.944,5.086,4.906000000000001,5.086,52630.14
2010-03-12,4.861000000000001,5.003,4.861000000000001,4.936,44024.86
2010-03-15,4.854,4.899,4.749,4.8389999999999995,29093.64
2010-03-16,4.981,4.988,4.816,4.861000000000001,38355.05
2010-03-17,5.041,5.063,4.959,5.011,60101.52
2010-03-18,5.078,5.175,5.011,5.041,111615.9
2010-03-19,5.131,5.175,5.056,5.086,99008.95
2010-03-22,5.19,5.22,5.078,5.1080000000000005,103106.41
2010-03-23,5.086,5.175,5.048,5.16,69961.05
2010-03-24,5.071000000000001,5.131,5.041,5.071000000000001,47840.97
2010-03-25,4.974,5.086,4.959,5.071000000000001,43497.73
2010-03-26,5.093,5.16,4.959,4.996,80710.52
2010-03-29,5.183,5.19,5.093,5.101,100858.9
2010-03-30,5.16,5.22,5.086,5.1979999999999995,87923.93
2010-03-31,5.19,5.273,5.138,5.16,110242.39
2010-04-01,5.28,5.34,5.167999999999999,5.175,141548.83
2010-04-02,5.257999999999999,5.31,5.205,5.28,118914.98
2010-04-06,5.25,5.303,5.131,5.257999999999999,110889.2
2010-04-07,5.1979999999999995,5.25,5.16,5.25,62509.26
2010-04-08,5.183,5.25,5.131,5.1979999999999995,102236.67
2010-04-09,5.1979999999999995,5.242999999999999,5.1080000000000005,5.183,95132.24
2010-04-12,5.056,5.1979999999999995,4.981,5.167999999999999,126034.69
2010-04-13,5.063,5.1080000000000005,4.921,5.033,77840.31
2010-04-14,5.041,5.071000000000001,4.981,5.071000000000001,43462.72
2010-04-15,4.966,5.026,4.944,5.026,59509.86
2010-04-19,4.54,4.8839999999999995,4.487,4.8839999999999995,91677.46
2010-04-20,4.39,4.562,4.285,4.487,67027.86
2010-04-21,4.525,4.54,4.353,4.39,67339.05
2010-04-22,4.4430000000000005,4.525,4.368,4.487,54145.6
2010-04-23,4.465,4.5169999999999995,4.413,4.42,38731.24
2010-04-26,4.465,4.5169999999999995,4.428,4.487,33710.38
2010-04-27,4.577,4.712,4.3,4.465,62448.35
2010-04-28,4.592,4.607,4.42,4.487,61460.11
2010-04-29,4.435,4.629,4.398,4.629,67819.87
2010-04-30,4.271,4.495,4.143,4.495,59744.82
2010-05-04,4.113,4.248,4.0760000000000005,4.166,28881.52
2010-05-05,4.196000000000001,4.218,4.0089999999999995,4.0760000000000005,42270.68
2010-05-06,4.001,4.188,3.971,4.151,33177.77
2010-05-07,3.904,4.031000000000001,3.889,3.949,29891.96
2010-05-10,3.9560000000000004,3.9939999999999998,3.859,3.897,32443.29
2010-05-11,3.8369999999999997,4.061,3.822,4.039,34424.15
2010-05-12,3.9339999999999997,3.9560000000000004,3.762,3.8369999999999997,37443.77
2010-05-13,4.0089999999999995,4.039,3.8289999999999997,3.9339999999999997,39344.79
2010-05-14,4.001,4.024,3.926,3.964,30695.61
2010-05-17,3.7319999999999998,3.964,3.71,3.9410000000000003,29972.88
2010-05-18,3.9410000000000003,3.986,3.627,3.717,58795.51
2010-05-19,3.8819999999999997,3.9560000000000004,3.8289999999999997,3.852,25418.79
2010-05-20,3.807,3.926,3.762,3.8139999999999996,16423.55
2010-05-21,3.9560000000000004,3.964,3.702,3.74,41156.79
2010-05-24,4.1,4.1530000000000005,3.972,4.01,58912.52
2010-05-25,4.093,4.1080000000000005,3.972,4.04,49760.17
2010-05-26,4.078,4.1,3.957,4.085,28709.22
2010-05-27,4.1530000000000005,4.206,3.9939999999999998,4.063,63449.83
2010-05-28,4.1530000000000005,4.191,4.078,4.191,29844.38
2010-05-31,4.055,4.221,4.047,4.093,30469.31
2010-06-01,3.949,4.04,3.798,3.9789999999999996,37412.92
2010-06-02,4.01,4.0169999999999995,3.866,3.949,15979.92
2010-06-03,3.9410000000000003,4.032,3.9339999999999997,4.01,15152.8
2010-06-04,3.964,3.9939999999999998,3.866,3.9339999999999997,17277.91
2010-06-07,3.8960000000000004,3.911,3.813,3.8280000000000003,21977.11
2010-06-08,3.8960000000000004,3.911,3.843,3.858,13320.56
2010-06-09,3.9939999999999998,4.025,3.873,3.8960000000000004,35885.39
2010-06-10,3.911,3.9789999999999996,3.904,3.957,31880.99
2010-06-11,3.926,3.949,3.889,3.9339999999999997,15797.49
2010-06-17,3.949,3.972,3.911,3.9339999999999997,21227.7
2010-06-18,3.873,4.002,3.8280000000000003,3.9410000000000003,30368.21
2010-06-21,3.9939999999999998,4.032,3.8360000000000003,3.8810000000000002,44169.72
2010-06-22,4.025,4.07,3.987,4.01,37738.33
2010-06-23,4.04,4.047,3.9189999999999996,3.9939999999999998,30964.21
2010-06-24,4.025,4.063,3.9939999999999998,4.01,22673.73
2010-06-25,3.964,4.0169999999999995,3.843,3.972,20985.25
2010-06-28,4.093,4.252,4.07,4.085,140948.56
2010-06-29,3.783,4.047,3.76,4.01,70073.45
2010-06-30,3.722,3.79,3.571,3.6919999999999997,39903.44
2010-07-01,3.6460000000000004,3.79,3.6310000000000002,3.707,20983.33
2010-07-02,3.73,3.752,3.556,3.6460000000000004,32865.64
2010-07-05,3.6689999999999996,3.73,3.593,3.6839999999999997,17540.59
2010-07-07,3.745,3.813,3.715,3.783,30449.13
2010-07-08,4.123,4.123,3.82,3.82,263891.37
2010-07-09,4.138,4.2139999999999995,3.911,3.9410000000000003,236399.98
2010-07-12,4.146,4.252,4.047,4.047,153968.0
2010-07-13,3.9410000000000003,4.085,3.926,4.085,92206.98
2010-07-14,4.032,4.123,3.949,3.949,82315.96
2010-07-15,4.047,4.1080000000000005,3.972,4.032,65988.62
2010-07-16,4.191,4.199,3.9939999999999998,3.9939999999999998,142508.31
2010-07-19,4.237,4.274,4.123,4.1530000000000005,125537.03
2010-07-20,4.2669999999999995,4.297,4.184,4.237,152370.33
2010-07-21,4.191,4.2669999999999995,4.1610000000000005,4.237,99663.52
2010-07-22,4.297,4.297,4.138,4.1610000000000005,110606.62
2010-07-23,4.229,4.282,4.168,4.282,77925.38
2010-07-26,4.244,4.2669999999999995,4.184,4.244,52036.76
2010-07-27,4.199,4.2669999999999995,4.191,4.244,53803.18
2010-07-28,4.282,4.305,4.176,4.191,107999.07
2010-07-29,4.297,4.35,4.229,4.282,86407.93
2010-07-30,4.35,4.373,4.244,4.297,91034.39
2010-08-02,4.38,4.4030000000000005,4.289,4.32,73510.65
2010-08-03,4.365,4.562,4.342,4.38,166505.79
2010-08-04,4.418,4.448,4.2589999999999995,4.395,87522.27
2010-08-05,4.388,4.418,4.2669999999999995,4.418,80474.48
2010-08-06,4.4110000000000005,4.456,4.237,4.35,79053.16
2010-08-09,4.426,4.463,4.35,4.38,63649.0
2010-08-10,4.282,4.6,4.2669999999999995,4.426,77427.39
2010-08-11,4.342,4.388,4.244,4.252,34439.66
2010-08-12,4.2669999999999995,4.426,4.252,4.297,59435.91
2010-08-13,4.327,4.35,4.199,4.289,44319.89
2010-08-16,4.373,4.38,4.289,4.289,46748.95
2010-08-17,4.426,4.5089999999999995,4.3580000000000005,4.373,55869.21
2010-08-18,4.365,4.448,4.327,4.4110000000000005,41824.45
2010-08-19,4.297,4.38,4.237,4.35,68732.39
2010-08-20,4.1530000000000005,4.289,4.146,4.289,45149.43
2010-08-23,4.176,4.2139999999999995,4.146,4.1530000000000005,24580.61
2010-08-24,4.244,4.274,4.176,4.191,34924.35
2010-08-25,4.085,4.252,4.078,4.237,31695.25
2010-08-26,4.085,4.131,4.063,4.063,24277.0
2010-08-27,4.115,4.1530000000000005,4.063,4.085,19324.0
2010-08-30,4.274,4.282,4.1,4.1530000000000005,65070.0
2010-08-31,4.335,4.388,4.237,4.282,117476.0
2010-09-01,4.2139999999999995,4.327,4.199,4.327,41700.0
2010-09-02,4.2669999999999995,4.312,4.191,4.252,48403.0
2010-09-03,4.32,4.524,4.2589999999999995,4.282,91815.0
2010-09-06,4.441,4.486000000000001,3.889,4.342,146421.0
2010-09-07,4.3580000000000005,4.418,4.32,4.4110000000000005,78030.0
2010-09-08,4.274,4.365,4.221,4.365,63018.0
2010-09-09,4.138,4.297,4.1080000000000005,4.274,66081.0
2010-09-10,4.115,4.168,4.047,4.146,37416.0
2010-09-13,4.184,4.252,4.1,4.115,40755.0
2010-09-14,4.1080000000000005,4.206,4.07,4.191,41738.0
2010-09-15,4.123,4.168,4.093,4.115,37431.0
2010-09-16,3.987,4.138,3.9410000000000003,4.123,35575.0
2010-09-17,4.025,4.055,3.987,4.002,30239.0
2010-09-20,3.9789999999999996,4.04,3.964,4.002,28046.0
2010-09-21,3.987,4.0169999999999995,3.957,4.002,14243.0
2010-09-27,4.025,4.04,3.9339999999999997,3.9939999999999998,21179.0
2010-09-28,3.9339999999999997,4.025,3.926,4.025,20475.0
2010-09-29,3.889,3.972,3.8510000000000004,3.949,32055.0
2010-09-30,3.957,4.002,3.8510000000000004,3.858,26625.0
2010-10-08,4.01,4.04,3.9189999999999996,3.957,43105.0
2010-10-11,4.1,4.191,4.002,4.032,63101.0
2010-10-12,4.093,4.146,4.047,4.1,30215.0
2010-10-13,4.229,4.252,4.078,4.078,83182.0
2010-10-14,4.1080000000000005,4.237,4.1,4.229,53044.0
2010-10-15,4.146,4.146,4.047,4.093,41478.0
2010-10-18,4.252,4.2669999999999995,4.123,4.1530000000000005,85725.0
2010-10-19,4.2589999999999995,4.2589999999999995,4.1610000000000005,4.237,56455.0
2010-10-20,3.9939999999999998,4.1610000000000005,3.987,4.1610000000000005,88692.0
2010-10-21,3.9939999999999998,4.04,3.949,3.972,51606.0
2010-10-22,3.9939999999999998,4.025,3.972,4.002,33562.0
2010-10-25,4.047,4.055,3.9939999999999998,4.01,62429.0
2010-10-26,4.078,4.123,4.01,4.063,63724.0
2010-10-27,4.085,4.1530000000000005,4.055,4.07,69661.0
2010-10-28,4.093,4.123,4.055,4.07,62020.0
2010-10-29,4.01,4.093,3.972,4.07,56475.0
2010-11-01,4.032,4.047,3.972,4.01,91625.0
2010-11-02,4.032,4.047,3.964,4.032,92706.0
2010-11-03,4.063,4.078,3.987,4.032,85817.0
2010-11-04,4.085,4.1,4.0169999999999995,4.063,74019.0
2010-11-05,4.146,4.1530000000000005,4.063,4.1,113217.0
2010-11-08,4.206,4.252,4.1610000000000005,4.168,120099.0
2010-11-09,4.221,4.229,4.146,4.206,98441.0
2010-11-10,4.131,4.206,4.1,4.199,88087.0
2010-11-11,4.168,4.244,4.123,4.123,142047.0
2010-11-12,3.904,4.229,3.866,4.199,112098.0
2010-11-15,3.964,4.0169999999999995,3.873,3.9189999999999996,69714.0
2010-11-17,3.8810000000000002,3.9410000000000003,3.707,3.79,80515.0
2010-11-18,3.9789999999999996,3.987,3.873,3.8810000000000002,58350.0
2010-11-19,3.987,4.025,3.866,3.987,31890.0
2010-11-22,3.9789999999999996,4.01,3.9189999999999996,3.949,37235.0
2010-11-23,3.8280000000000003,3.964,3.775,3.964,35089.0
2010-11-24,3.8810000000000002,3.889,3.813,3.82,22008.0
2010-11-25,3.926,3.964,3.858,3.873,37808.0
2010-11-26,3.843,3.9339999999999997,3.813,3.9339999999999997,37854.0
2010-11-29,3.9789999999999996,3.987,3.82,3.843,80398.0
2010-11-30,3.9189999999999996,3.9789999999999996,3.813,3.964,45093.0
2010-12-01,3.9339999999999997,3.964,3.889,3.8960000000000004,23491.0
2010-12-02,3.9939999999999998,4.025,3.926,3.9789999999999996,67160.0
2010-12-03,4.01,4.047,3.964,3.987,54609.0
2010-12-06,4.0169999999999995,4.063,3.904,4.01,36964.0
2010-12-07,4.168,4.221,3.957,3.987,205103.0
2010-12-08,4.1610000000000005,4.252,4.07,4.168,270637.0
2010-12-09,4.1530000000000005,4.199,4.032,4.199,234133.0
2010-12-10,4.168,4.184,4.047,4.146,184526.0
2010-12-13,4.176,4.229,4.078,4.206,260458.0
2010-12-14,4.085,4.115,4.047,4.115,133853.0
2010-12-15,3.9789999999999996,4.085,3.972,4.078,94178.0
2010-12-16,3.987,4.047,3.957,3.9939999999999998,69492.0
2010-12-17,3.9789999999999996,4.01,3.964,3.972,36097.0
2010-12-20,3.866,4.002,3.8280000000000003,3.987,53309.0
2010-12-21,4.002,4.032,3.8510000000000004,3.8810000000000002,68834.0
2010-12-22,3.9339999999999997,4.047,3.926,3.987,47607.0
2010-12-23,3.8810000000000002,3.9410000000000003,3.866,3.9410000000000003,27096.0
2010-12-24,3.8960000000000004,3.949,3.843,3.873,26915.0
2010-12-27,3.783,3.9339999999999997,3.767,3.858,38482.0
2010-12-28,3.6460000000000004,3.783,3.639,3.783,37357.0
2010-12-29,3.707,3.715,3.609,3.662,22492.0
2010-12-30,3.6310000000000002,3.707,3.6239999999999997,3.707,39474.0
2010-12-31,3.6839999999999997,3.6839999999999997,3.6239999999999997,3.639,16729.0
2011-01-04,3.783,3.8360000000000003,3.6689999999999996,3.707,50308.0
2011-01-05,3.775,3.8360000000000003,3.73,3.79,33934.0
2011-01-06,3.775,3.805,3.745,3.783,19970.0
2011-01-07,3.798,3.843,3.752,3.79,34636.0
2011-01-10,3.677,3.8360000000000003,3.6689999999999996,3.767,22865.0
2011-01-11,3.737,3.752,3.6460000000000004,3.6460000000000004,18754.0
2011-01-12,3.82,3.889,3.76,3.783,58630.0
2011-01-13,3.79,3.8510000000000004,3.775,3.798,25597.0
2011-01-14,3.737,3.798,3.715,3.798,17572.0
2011-01-17,3.5860000000000003,3.737,3.5780000000000003,3.737,25599.0
2011-01-18,3.571,3.593,3.525,3.525,13701.0
2011-01-19,3.616,3.616,3.5410000000000004,3.5860000000000003,16060.0
2011-01-21,3.563,3.662,3.465,3.503,30883.0
2011-01-24,3.495,3.556,3.48,3.548,16735.0
2011-01-25,3.488,3.525,3.457,3.5180000000000002,10704.0
2011-01-26,3.5180000000000002,3.525,3.488,3.5180000000000002,10272.0
2011-01-27,3.48,3.51,3.404,3.51,21802.0
2011-01-28,3.495,3.533,3.472,3.48,14428.0
2011-01-31,3.525,3.533,3.472,3.495,15580.0
2011-02-01,3.5410000000000004,3.548,3.488,3.51,16234.0
2011-02-09,3.533,3.5410000000000004,3.503,3.5180000000000002,13634.0
2011-02-10,3.593,3.593,3.5180000000000002,3.533,20710.0
2011-02-11,3.654,3.6689999999999996,3.556,3.593,32390.0
2011-02-14,3.6839999999999997,3.6919999999999997,3.6239999999999997,3.6460000000000004,36587.0
2011-02-15,3.6689999999999996,3.715,3.662,3.6839999999999997,31158.0
2011-02-16,3.6919999999999997,3.6919999999999997,3.6460000000000004,3.662,23751.0
2011-02-17,3.6460000000000004,3.699,3.616,3.699,34285.0
2011-02-18,3.6689999999999996,3.699,3.6310000000000002,3.6460000000000004,28139.0
2011-02-21,3.699,3.707,3.616,3.6310000000000002,31130.0
2011-02-22,3.5860000000000003,3.715,3.571,3.715,30800.0
2011-02-23,3.9410000000000003,3.9410000000000003,3.571,3.5860000000000003,200619.0
2011-02-24,4.01,4.305,3.9789999999999996,4.123,341661.0
2011-02-25,3.911,3.949,3.82,3.9339999999999997,163809.0
2011-02-28,4.063,4.1610000000000005,3.873,3.904,221084.0
2011-03-01,4.01,4.07,3.9189999999999996,4.01,137224.0
2011-03-02,4.184,4.365,3.949,3.957,239293.0
2011-03-03,4.093,4.2669999999999995,4.078,4.093,125044.0
2011-03-04,4.1530000000000005,4.221,4.07,4.1080000000000005,81250.0
2011-03-07,4.1080000000000005,4.184,4.093,4.146,104638.0
2011-03-08,4.123,4.221,4.078,4.093,115070.0
2011-03-09,4.04,4.115,4.01,4.1,83131.0
2011-03-10,3.9939999999999998,4.063,3.972,4.025,50933.0
2011-03-11,3.972,4.055,3.964,3.964,49319.0
2011-03-14,4.025,4.063,3.957,3.972,45256.0
2011-03-15,3.9789999999999996,4.025,3.858,4.025,69615.0
2011-03-16,3.972,3.9939999999999998,3.9189999999999996,3.964,41529.0
2011-03-17,3.9189999999999996,4.01,3.8960000000000004,3.9189999999999996,42791.0
2011-03-18,3.972,4.01,3.9410000000000003,3.9410000000000003,36058.0
2011-03-21,3.9789999999999996,4.025,3.9410000000000003,3.972,32205.0
2011-03-22,3.957,4.04,3.9410000000000003,4.0169999999999995,33128.0
2011-03-23,4.025,4.07,3.9339999999999997,3.9339999999999997,67298.0
2011-03-24,4.04,4.078,3.987,4.032,66635.0
2011-03-25,4.085,4.123,4.01,4.01,98133.0
2011-03-28,4.184,4.2589999999999995,4.063,4.093,153653.0
2011-03-29,4.131,4.237,4.115,4.176,124008.0
2011-03-30,4.032,4.1530000000000005,4.002,4.115,73968.0
2011-03-31,3.9939999999999998,4.055,3.972,4.025,46992.0
2011-04-01,4.047,4.055,3.972,3.972,37002.0
2011-04-06,4.115,4.131,4.0169999999999995,4.025,55059.0
2011-04-07,4.115,4.1610000000000005,4.085,4.093,43270.0
2011-04-08,4.115,4.123,4.07,4.1080000000000005,39326.0
2011-04-11,4.131,4.191,4.085,4.1080000000000005,70711.0
2011-04-12,4.199,4.229,4.123,4.131,82793.0
2011-04-13,4.206,4.206,4.115,4.184,60044.0
2011-04-14,4.1,4.184,4.078,4.184,56145.0
2011-04-15,4.184,4.191,4.078,4.1080000000000005,67650.0
2011-04-18,4.184,4.237,4.1610000000000005,4.199,74583.0
2011-04-19,4.055,4.1610000000000005,4.047,4.1530000000000005,61637.0
2011-04-20,4.078,4.1080000000000005,4.055,4.07,32477.0
2011-04-21,4.093,4.131,4.078,4.1,41698.0
2011-04-25,4.063,4.138,4.055,4.131,50642.0
2011-04-26,3.987,4.085,3.964,4.047,38020.0
2011-04-27,3.9789999999999996,4.025,3.866,3.9939999999999998,31261.0
2011-04-28,3.843,4.002,3.82,3.987,25674.0
2011-04-29,3.904,3.926,3.843,3.904,18199.0
2011-05-03,3.957,3.964,3.8960000000000004,3.8960000000000004,18405.0
2011-05-04,3.873,3.9789999999999996,3.866,3.9410000000000003,26625.0
2011-05-05,3.9789999999999996,4.032,3.8810000000000002,3.889,32578.0
2011-05-06,3.9789999999999996,3.9939999999999998,3.904,3.972,21813.0
2011-05-09,3.9939999999999998,4.025,3.972,3.972,20783.0
2011-05-10,3.987,4.01,3.9410000000000003,3.9939999999999998,21058.0
2011-05-11,3.9939999999999998,4.04,3.9339999999999997,3.9939999999999998,38326.0
2011-05-12,4.04,4.1530000000000005,3.9410000000000003,3.9789999999999996,73648.0
2011-05-13,4.206,4.2139999999999995,4.01,4.04,121210.0
2011-05-16,4.229,4.274,4.1610000000000005,4.206,114674.0
2011-05-17,4.3580000000000005,4.516,4.1080000000000005,4.237,207703.0
2011-05-18,4.3580000000000005,4.463,4.274,4.274,146783.0
2011-05-19,4.274,4.494,4.229,4.365,141933.0
2011-05-20,4.562,4.69,4.206,4.252,266226.0
2011-05-23,4.395,4.569,4.32,4.532,195231.0
2011-05-24,4.569,4.6530000000000005,4.342,4.35,270686.0
2011-05-25,4.592,4.675,4.395,4.524,245055.0
2011-05-26,4.456,4.622,4.426,4.553999999999999,177503.0
2011-05-27,4.01,4.448,4.01,4.433,204666.0
2011-05-30,3.707,3.9189999999999996,3.654,3.9189999999999996,120198.0
2011-05-31,3.783,3.79,3.6689999999999996,3.745,64565.0
2011-06-01,3.8280000000000003,3.843,3.6839999999999997,3.767,76459.0
2011-06-02,3.722,3.767,3.662,3.76,76687.0
2011-06-03,3.76,3.813,3.6919999999999997,3.707,54269.0
2011-06-07,3.813,3.82,3.737,3.745,49992.0
2011-06-08,3.858,3.904,3.73,3.813,87742.0
2011-06-09,3.677,3.8510000000000004,3.6689999999999996,3.8360000000000003,72315.0
2011-06-10,3.798,3.843,3.6689999999999996,3.707,73690.0
2011-06-13,3.805,3.8360000000000003,3.715,3.783,46048.0
2011-06-14,3.8810000000000002,4.01,3.82,3.873,113639.0
2011-06-15,3.82,3.9410000000000003,3.813,3.8960000000000004,66758.0
2011-06-16,3.737,3.858,3.722,3.767,48254.0
2011-06-17,3.745,3.8360000000000003,3.715,3.737,41069.0
2011-06-20,3.79,3.843,3.737,3.783,46127.0
2011-06-21,3.866,3.873,3.79,3.82,47694.0
2011-06-22,3.8360000000000003,3.889,3.813,3.858,30141.0
2011-06-23,3.858,3.889,3.79,3.843,42880.0
2011-06-24,3.9189999999999996,3.9339999999999997,3.8360000000000003,3.8510000000000004,89273.0
2011-06-27,3.926,3.964,3.889,3.9189999999999996,64762.0
2011-06-28,3.911,3.926,3.866,3.904,45220.0
2011-06-29,3.82,3.9189999999999996,3.813,3.9189999999999996,42262.0
2011-06-30,3.873,3.904,3.798,3.805,42771.0
2011-07-01,3.911,3.964,3.858,3.873,71523.0
2011-07-04,3.972,4.0169999999999995,3.9189999999999996,3.9189999999999996,78471.0
2011-07-05,4.047,4.063,3.957,3.9789999999999996,75547.0
2011-07-06,4.025,4.055,3.972,4.0169999999999995,44603.0
2011-07-07,3.9410000000000003,4.055,3.9339999999999997,4.002,66719.0
2011-07-08,3.9789999999999996,3.987,3.9189999999999996,3.949,34190.0
2011-07-11,4.002,4.025,3.9189999999999996,3.987,43903.0
2011-07-12,3.8960000000000004,3.964,3.8810000000000002,3.964,46734.0
2011-07-13,3.9339999999999997,3.949,3.8810000000000002,3.8960000000000004,53463.0
2011-07-14,3.949,3.949,3.8960000000000004,3.9189999999999996,50396.0
2011-07-15,3.926,3.926,3.873,3.911,57211.0
2011-07-18,4.002,4.032,3.911,3.9339999999999997,94818.0
2011-07-19,3.972,4.002,3.911,3.972,54533.0
2011-07-20,3.957,4.025,3.9339999999999997,3.9939999999999998,49234.0
2011-07-21,3.858,3.964,3.8510000000000004,3.9410000000000003,44767.0
2011-07-22,3.926,3.957,3.843,3.873,51641.0
2011-07-25,3.873,4.025,3.858,3.926,94749.0
2011-07-26,4.199,4.237,3.79,3.858,217311.0
2011-07-27,4.1530000000000005,4.282,4.093,4.146,251058.0
2011-07-28,4.131,4.168,4.04,4.1080000000000005,94040.0
2011-07-29,4.055,4.1530000000000005,4.0169999999999995,4.115,67362.0
2011-08-01,4.055,4.1080000000000005,4.01,4.032,54812.0
2011-08-02,3.957,4.063,3.8810000000000002,4.063,65950.0
2011-08-03,3.9339999999999997,3.9939999999999998,3.858,3.9410000000000003,40588.0
2011-08-04,3.949,3.972,3.9339999999999997,3.9339999999999997,31190.0
2011-08-05,4.063,4.138,3.783,3.783,106864.0
2011-08-08,3.889,4.138,3.783,4.01,143326.0
2011-08-09,3.783,3.8280000000000003,3.556,3.783,87051.0
2011-08-10,3.858,3.964,3.798,3.8280000000000003,77417.0
2011-08-11,3.972,4.055,3.73,3.767,88670.0
2011-08-12,4.078,4.138,3.949,3.957,142139.0
2011-08-15,4.093,4.199,4.047,4.07,119753.0
2011-08-16,4.191,4.221,4.063,4.093,142968.0
2011-08-17,4.184,4.2669999999999995,4.1,4.1610000000000005,123763.0
2011-08-18,4.063,4.206,4.04,4.199,101137.0
2011-08-19,3.9410000000000003,4.055,3.889,3.9939999999999998,71052.0
2011-08-22,3.858,3.972,3.8510000000000004,3.9410000000000003,53481.0
2011-08-23,3.957,3.964,3.858,3.858,50033.0
2011-08-24,3.873,3.9789999999999996,3.858,3.9789999999999996,49891.0
2011-08-25,4.078,4.138,3.858,3.873,99285.0
2011-08-26,4.1080000000000005,4.1530000000000005,4.025,4.025,85020.0
2011-08-29,4.123,4.184,4.055,4.055,82847.0
2011-08-30,3.9939999999999998,4.1610000000000005,3.987,4.115,71957.0
2011-08-31,3.9339999999999997,4.04,3.873,3.9939999999999998,57660.0
2011-09-01,3.8810000000000002,3.987,3.858,3.9339999999999997,63747.0
2011-09-02,3.8360000000000003,3.911,3.805,3.889,48737.0
2011-09-05,3.775,3.82,3.752,3.82,33092.0
2011-09-06,3.805,3.82,3.73,3.737,22216.0
2011-09-07,3.866,3.8810000000000002,3.775,3.8360000000000003,36923.0
2011-09-08,3.783,3.8810000000000002,3.775,3.8810000000000002,31623.0
2011-09-09,3.737,3.8280000000000003,3.73,3.783,25489.0
2011-09-13,3.662,3.707,3.639,3.707,24657.0
2011-09-14,3.715,3.715,3.6310000000000002,3.699,21426.0
2011-09-15,3.722,3.775,3.6919999999999997,3.707,25386.0
2011-09-16,3.6839999999999997,3.752,3.6839999999999997,3.752,16949.0
2011-09-19,3.571,3.6839999999999997,3.548,3.6839999999999997,29845.0
2011-09-20,3.6010000000000004,3.6239999999999997,3.533,3.5780000000000003,17583.0
2011-09-21,3.6839999999999997,3.6919999999999997,3.548,3.5780000000000003,25976.0
2011-09-22,3.548,3.6689999999999996,3.5410000000000004,3.6689999999999996,24833.0
2011-09-23,3.5410000000000004,3.5780000000000003,3.404,3.48,20955.0
2011-09-26,3.4419999999999997,3.548,3.412,3.5180000000000002,18418.0
2011-09-27,3.465,3.51,3.42,3.51,14749.0
2011-09-28,3.3819999999999997,3.51,3.3739999999999997,3.48,15103.0
2011-09-29,3.2760000000000002,3.359,3.177,3.359,20028.0
2011-09-30,3.2680000000000002,3.3139999999999996,3.23,3.2910000000000004,9228.0
2011-10-10,3.2230000000000003,3.306,3.215,3.2760000000000002,10777.0
2011-10-11,3.185,3.3289999999999997,3.155,3.2680000000000002,15887.0
2011-10-12,3.298,3.3139999999999996,3.162,3.185,22373.0
2011-10-13,3.3510000000000004,3.3510000000000004,3.2680000000000002,3.2910000000000004,21214.0
2011-10-14,3.3289999999999997,3.3739999999999997,3.2910000000000004,3.3510000000000004,18139.0
2011-10-17,3.344,3.3739999999999997,3.298,3.3289999999999997,16581.0
2011-10-18,3.2,3.321,3.185,3.3139999999999996,18367.0
2011-10-19,3.17,3.253,3.155,3.253,14649.0
2011-10-20,3.094,3.23,3.0639999999999996,3.162,17900.0
2011-10-21,3.109,3.14,3.0639999999999996,3.094,9484.0
2011-10-24,3.193,3.193,3.0639999999999996,3.14,19832.0
2011-10-25,3.2760000000000002,3.3139999999999996,3.147,3.185,24773.0
2011-10-26,3.2910000000000004,3.3360000000000003,3.23,3.2460000000000004,37147.0
2011-10-27,3.2460000000000004,3.3139999999999996,3.238,3.298,31168.0
2011-10-28,3.435,3.503,3.2910000000000004,3.2910000000000004,140578.0
2011-10-31,3.412,3.45,3.3739999999999997,3.404,51217.0
2011-11-01,3.45,3.495,3.367,3.3739999999999997,68352.0
2011-11-02,3.472,3.495,3.344,3.404,46761.0
2011-11-03,3.427,3.525,3.42,3.525,73791.0
2011-11-04,3.397,3.465,3.3819999999999997,3.427,71260.0
2011-11-07,3.3819999999999997,3.427,3.367,3.3819999999999997,25249.0
2011-11-08,3.306,3.3819999999999997,3.253,3.367,59994.0
2011-11-09,3.3360000000000003,3.3360000000000003,3.253,3.306,35322.0
2011-11-10,3.2230000000000003,3.298,3.215,3.2910000000000004,28673.0
2011-11-11,3.23,3.2760000000000002,3.215,3.2230000000000003,17035.0
2011-11-14,3.306,3.306,3.238,3.238,28200.0
2011-11-15,3.321,3.3360000000000003,3.283,3.283,29655.0
2011-11-16,3.238,3.321,3.23,3.321,30046.0
2011-11-17,3.2230000000000003,3.298,3.215,3.238,19000.0
2011-11-18,3.17,3.261,3.162,3.23,25104.0
2011-11-21,3.2,3.23,3.162,3.17,10515.0
2011-11-22,3.208,3.208,3.14,3.17,17883.0
2011-11-23,3.17,3.208,3.147,3.2,11887.0
2011-11-24,3.17,3.2460000000000004,3.1239999999999997,3.147,13166.0
2011-11-25,3.1239999999999997,3.185,3.1239999999999997,3.177,11161.0
2011-11-28,3.117,3.147,3.094,3.1239999999999997,12598.0
2011-11-29,3.155,3.155,3.117,3.155,20871.0
2011-11-30,2.988,3.155,2.9730000000000003,3.155,24627.0
2011-12-01,3.056,3.14,3.0260000000000002,3.0869999999999997,44448.0
2011-12-02,3.011,3.0410000000000004,2.958,3.0410000000000004,20907.0
2011-12-05,2.9130000000000003,3.011,2.9130000000000003,3.011,15160.0
2011-12-06,2.928,2.9810000000000003,2.898,2.9130000000000003,12544.0
2011-12-07,2.928,2.943,2.89,2.928,10348.0
2011-12-08,2.92,2.95,2.8819999999999997,2.9130000000000003,14405.0
2011-12-09,2.928,2.9730000000000003,2.8819999999999997,2.905,24303.0
2011-12-12,2.89,2.943,2.8819999999999997,2.928,10188.0
2011-12-13,2.7760000000000002,2.92,2.739,2.8819999999999997,15010.0
2011-12-14,2.708,2.7760000000000002,2.701,2.7310000000000003,8442.0
2011-12-15,2.701,2.739,2.655,2.6860000000000004,10445.0
2011-12-16,2.739,2.739,2.655,2.701,14487.0
2011-12-19,2.7239999999999998,2.739,2.633,2.7239999999999998,14244.0
2011-12-20,2.7689999999999997,2.792,2.678,2.701,23837.0
2011-12-21,2.7460000000000004,2.7760000000000002,2.708,2.7539999999999996,14849.0
2011-12-22,2.708,2.739,2.542,2.739,18509.0
2011-12-23,2.739,2.7539999999999996,2.655,2.655,14229.0
2011-12-26,2.7310000000000003,2.761,2.693,2.708,10530.0
2011-12-27,2.655,2.7239999999999998,2.633,2.7239999999999998,10559.0
2011-12-28,2.648,2.655,2.572,2.64,13255.0
2011-12-29,2.6180000000000003,2.6630000000000003,2.61,2.6180000000000003,10499.0
2011-12-30,2.6860000000000004,2.708,2.6180000000000003,2.625,24551.0
2012-01-04,2.6180000000000003,2.701,2.6180000000000003,2.678,11177.0
2012-01-05,2.557,2.633,2.5340000000000003,2.5869999999999997,9178.0
2012-01-06,2.572,2.5869999999999997,2.512,2.5869999999999997,7115.0
2012-01-09,2.6860000000000004,2.693,2.572,2.572,16192.0
2012-01-10,2.792,2.807,2.6630000000000003,2.6860000000000004,32259.0
2012-01-11,2.761,2.784,2.7310000000000003,2.784,27933.0
2012-01-12,2.7689999999999997,2.8369999999999997,2.739,2.761,20508.0
2012-01-13,2.6860000000000004,2.761,2.6630000000000003,2.761,17094.0
2012-01-16,2.6180000000000003,2.6860000000000004,2.61,2.678,7526.0
2012-01-17,2.7460000000000004,2.7539999999999996,2.602,2.602,15940.0
2012-01-18,2.6860000000000004,2.799,2.6860000000000004,2.739,19933.0
2012-01-19,2.739,2.7460000000000004,2.648,2.6860000000000004,14687.0
2012-01-20,2.7760000000000002,2.807,2.7310000000000003,2.7460000000000004,18189.0
2012-01-30,2.7310000000000003,2.799,2.716,2.784,12857.0
2012-01-31,2.7539999999999996,2.761,2.716,2.716,12761.0
2012-02-01,2.716,2.7760000000000002,2.716,2.7310000000000003,12735.0
2012-02-02,2.761,2.7689999999999997,2.708,2.716,10292.0
2012-02-03,2.807,2.8139999999999996,2.7460000000000004,2.7460000000000004,23357.0
2012-02-06,2.8369999999999997,2.875,2.7760000000000002,2.7760000000000002,37104.0
2012-02-07,2.7539999999999996,2.807,2.7239999999999998,2.807,25332.0
2012-02-08,2.8139999999999996,2.822,2.7310000000000003,2.7539999999999996,20658.0
2012-02-09,2.845,2.9130000000000003,2.799,2.8139999999999996,50437.0
2012-02-10,2.92,2.958,2.8369999999999997,2.8369999999999997,61448.0
2012-02-13,2.875,2.898,2.799,2.875,39103.0
2012-02-14,2.928,2.943,2.822,2.852,39971.0
2012-02-15,2.935,2.958,2.867,2.9130000000000003,40713.0
2012-02-16,2.935,2.9810000000000003,2.89,2.935,47107.0
2012-02-17,2.95,2.9810000000000003,2.898,2.935,42350.0
2012-02-20,3.003,3.0189999999999997,2.966,2.988,62536.0
2012-02-21,3.0189999999999997,3.0260000000000002,2.92,2.988,55497.0
2012-02-22,3.094,3.1319999999999997,3.003,3.0260000000000002,99931.0
2012-02-23,3.094,3.117,3.049,3.0869999999999997,43849.0
2012-02-24,3.2680000000000002,3.321,3.0639999999999996,3.0869999999999997,132274.0
2012-02-27,3.215,3.321,3.215,3.261,98456.0
2012-02-29,3.056,3.147,3.056,3.14,57354.0
2012-03-01,3.072,3.117,3.0410000000000004,3.049,29515.0
2012-03-02,3.2,3.23,3.0869999999999997,3.0869999999999997,67685.0
2012-03-05,3.23,3.306,3.208,3.208,120305.0
2012-03-06,3.359,3.42,3.2230000000000003,3.261,151464.0
2012-03-07,3.261,3.367,3.238,3.306,66562.0
2012-03-08,3.2910000000000004,3.321,3.2460000000000004,3.2460000000000004,57370.0
2012-03-09,3.2910000000000004,3.298,3.23,3.298,38575.0
2012-03-12,3.2460000000000004,3.2910000000000004,3.215,3.2910000000000004,38676.0
2012-03-13,3.2760000000000002,3.283,3.23,3.238,29069.0
2012-03-14,3.049,3.3139999999999996,3.034,3.2760000000000002,69661.0
2012-03-15,2.928,3.056,2.9130000000000003,3.0189999999999997,45848.0
2012-03-16,2.988,2.9960000000000004,2.928,2.935,25154.0
2012-03-19,3.034,3.0410000000000004,2.935,2.9730000000000003,27885.0
2012-03-20,3.0260000000000002,3.109,2.9730000000000003,3.034,38716.0
2012-03-21,3.0260000000000002,3.049,2.966,3.0189999999999997,24203.0
2012-03-22,3.0789999999999997,3.109,3.011,3.011,32351.0
2012-03-23,2.966,3.0789999999999997,2.958,3.0789999999999997,19055.0
2012-03-26,2.958,2.9730000000000003,2.92,2.95,15054.0
2012-03-27,2.9730000000000003,3.0189999999999997,2.95,2.95,11014.0
2012-03-28,2.905,3.094,2.8819999999999997,2.958,39997.0
2012-03-29,3.056,3.0789999999999997,2.9130000000000003,2.9130000000000003,69551.0
2012-03-30,3.034,3.0869999999999997,2.9730000000000003,3.0639999999999996,44074.0
2012-04-05,3.155,3.177,3.0189999999999997,3.0189999999999997,66299.0
2012-04-06,3.193,3.2230000000000003,3.14,3.155,55551.0
2012-04-09,3.109,3.193,3.094,3.162,25099.0
2012-04-10,3.17,3.177,3.0260000000000002,3.14,32303.0
2012-04-11,3.2460000000000004,3.3360000000000003,3.102,3.1239999999999997,71772.0
2012-04-12,3.321,3.344,3.177,3.2230000000000003,92975.0
2012-04-13,3.344,3.4419999999999997,3.2910000000000004,3.321,91128.0
2012-04-16,3.465,3.525,3.2680000000000002,3.298,100499.0
2012-04-17,3.283,3.548,3.2760000000000002,3.465,97599.0
2012-04-18,3.3739999999999997,3.4419999999999997,3.283,3.321,86758.0
2012-04-19,3.3739999999999997,3.435,3.3360000000000003,3.3819999999999997,52589.0
2012-04-23,3.6239999999999997,3.715,3.435,3.457,231308.0
2012-04-24,3.662,3.6689999999999996,3.404,3.556,162421.0
2012-04-25,3.8280000000000003,3.949,3.6010000000000004,3.616,189627.0
2012-04-26,3.722,3.8510000000000004,3.6919999999999997,3.8280000000000003,102269.0
2012-04-27,3.5860000000000003,3.737,3.571,3.6919999999999997,105557.0
2012-05-02,3.677,3.707,3.593,3.6310000000000002,75936.0
2012-05-03,3.6010000000000004,3.677,3.563,3.6460000000000004,64846.0
2012-05-04,3.609,3.6239999999999997,3.5180000000000002,3.5860000000000003,55137.0
2012-05-07,3.639,3.6460000000000004,3.548,3.5860000000000003,47516.0
2012-05-08,3.593,3.639,3.571,3.639,35264.0
2012-05-09,3.525,3.5780000000000003,3.503,3.5780000000000003,38043.0
2012-05-10,3.503,3.556,3.495,3.525,30263.0
2012-05-11,3.563,3.654,3.525,3.525,66219.0
2012-05-14,3.6010000000000004,3.722,3.571,3.654,74574.0
2012-05-15,3.616,3.6239999999999997,3.48,3.5410000000000004,53094.0
2012-05-16,3.495,3.6310000000000002,3.488,3.593,67811.0
2012-05-17,3.532,3.577,3.477,3.5039999999999996,25569.0
2012-05-18,3.377,3.513,3.3680000000000003,3.486,47096.0
2012-05-21,3.359,3.4139999999999997,3.305,3.377,31826.0
2012-05-22,3.45,3.45,3.3680000000000003,3.377,38220.0
2012-05-23,3.5039999999999996,3.5410000000000004,3.4139999999999997,3.45,54480.0
2012-05-24,3.4410000000000003,3.523,3.432,3.477,31855.0
2012-05-25,3.405,3.486,3.359,3.432,30965.0
2012-05-28,3.477,3.477,3.2960000000000003,3.405,40126.0
2012-05-29,3.486,3.523,3.4410000000000003,3.468,48241.0
2012-05-30,3.5410000000000004,3.5589999999999997,3.486,3.495,67244.0
2012-05-31,3.5039999999999996,3.532,3.468,3.532,26717.0
2012-06-01,3.523,3.5410000000000004,3.495,3.5039999999999996,24966.0
2012-06-04,3.35,3.468,3.341,3.45,39036.0
2012-06-05,3.3680000000000003,3.386,3.341,3.35,20584.0
2012-06-06,3.323,3.386,3.305,3.3680000000000003,18196.0
2012-06-07,3.323,3.405,3.305,3.3680000000000003,23923.0
2012-06-08,3.35,3.423,3.341,3.377,29181.0
2012-06-11,3.4589999999999996,3.477,3.332,3.341,38100.0
2012-06-12,3.5860000000000003,3.613,3.432,3.432,94869.0
2012-06-13,3.613,3.641,3.568,3.595,103368.0
2012-06-14,3.5860000000000003,3.668,3.5410000000000004,3.622,67698.0
2012-06-15,3.641,3.6860000000000004,3.486,3.577,104273.0
2012-06-18,3.613,3.695,3.6039999999999996,3.65,49245.0
2012-06-19,3.595,3.65,3.513,3.6039999999999996,53064.0
2012-06-20,3.65,3.659,3.523,3.595,50412.0
2012-06-21,3.659,3.886,3.577,3.6310000000000002,101395.0
2012-06-25,3.595,3.659,3.532,3.6310000000000002,53358.0
2012-06-26,3.568,3.6039999999999996,3.486,3.55,44824.0
2012-06-27,3.6039999999999996,3.641,3.523,3.55,63725.0
2012-06-28,3.577,3.668,3.5589999999999997,3.6039999999999996,46311.0
2012-06-29,3.613,3.641,3.532,3.5589999999999997,51594.0
2012-07-02,3.613,3.6310000000000002,3.568,3.6310000000000002,41925.0
2012-07-03,3.6860000000000004,3.7769999999999997,3.5860000000000003,3.613,133479.0
2012-07-04,3.713,3.7310000000000003,3.622,3.6860000000000004,95866.0
2012-07-05,3.668,3.713,3.6310000000000002,3.6860000000000004,52627.0
2012-07-06,3.786,3.795,3.695,3.7310000000000003,135255.0
2012-07-09,3.477,3.74,3.468,3.74,97856.0
2012-07-10,3.3680000000000003,3.468,3.341,3.468,55422.0
2012-07-11,3.359,3.395,3.3139999999999996,3.323,24796.0
2012-07-12,3.4410000000000003,3.468,3.35,3.35,35740.0
2012-07-13,3.4139999999999997,3.477,3.386,3.405,22286.0
2012-07-16,3.2319999999999998,3.432,3.2230000000000003,3.4139999999999997,31427.0
2012-07-17,3.35,3.3680000000000003,3.2230000000000003,3.2230000000000003,37588.0
2012-07-18,3.3139999999999996,3.35,3.2230000000000003,3.3139999999999996,31805.0
2012-07-19,3.341,3.405,3.2769999999999997,3.3139999999999996,29114.0
2012-07-20,3.395,3.45,3.3139999999999996,3.35,38461.0
2012-07-23,3.386,3.4139999999999997,3.323,3.359,17161.0
2012-07-24,3.395,3.432,3.359,3.359,21515.0
2012-07-25,3.332,3.386,3.3139999999999996,3.386,18394.0
2012-07-26,3.25,3.35,3.25,3.35,17302.0
2012-07-27,3.2960000000000003,3.305,3.2319999999999998,3.2680000000000002,16336.0
2012-07-30,3.2680000000000002,3.305,3.2319999999999998,3.2769999999999997,10367.0
2012-07-31,3.259,3.2960000000000003,3.2230000000000003,3.259,8253.0
2012-08-01,3.2960000000000003,3.3139999999999996,3.241,3.241,11136.0
2012-08-02,3.168,3.3139999999999996,3.15,3.286,20882.0
2012-08-03,3.196,3.214,3.1319999999999997,3.187,22328.0
2012-08-06,3.2960000000000003,3.3139999999999996,3.187,3.196,30090.0
2012-08-07,3.323,3.332,3.2680000000000002,3.305,27265.0
2012-08-08,3.332,3.359,3.2680000000000002,3.323,28899.0
2012-08-09,3.377,3.405,3.305,3.305,34023.0
2012-08-10,3.332,3.405,3.3139999999999996,3.405,17311.0
2012-08-13,3.2319999999999998,3.341,3.205,3.341,24760.0
2012-08-14,3.2769999999999997,3.2769999999999997,3.187,3.2319999999999998,11856.0
2012-08-15,3.241,3.2769999999999997,3.2319999999999998,3.2769999999999997,6519.0
2012-08-16,3.2319999999999998,3.25,3.178,3.25,6968.0
2012-08-17,3.259,3.286,3.205,3.2319999999999998,13094.0
2012-08-20,3.241,3.259,3.178,3.259,8118.0
2012-08-21,3.259,3.286,3.2319999999999998,3.241,13212.0
2012-08-22,3.2319999999999998,3.2680000000000002,3.196,3.25,11626.0
2012-08-23,3.241,3.25,3.196,3.2319999999999998,12295.0
2012-08-24,3.205,3.2769999999999997,3.196,3.25,10282.0
2012-08-27,3.1319999999999997,3.196,3.105,3.196,17159.0
2012-08-28,3.105,3.159,3.0780000000000003,3.105,15839.0
2012-08-29,3.114,3.1319999999999997,3.0869999999999997,3.096,13042.0
2012-08-30,3.069,3.114,3.023,3.0869999999999997,14321.0
2012-08-31,3.0780000000000003,3.0869999999999997,3.06,3.069,12991.0
2012-09-03,3.123,3.141,3.05,3.096,23762.0
2012-09-04,3.0410000000000004,3.1319999999999997,3.0410000000000004,3.105,11794.0
2012-09-05,3.0869999999999997,3.105,3.05,3.069,10778.0
2012-09-06,3.114,3.123,3.069,3.0869999999999997,14288.0
2012-09-07,3.2230000000000003,3.305,3.114,3.1319999999999997,35045.0
2012-09-10,3.241,3.286,3.205,3.241,31387.0
2012-09-11,3.205,3.25,3.178,3.25,20680.0
2012-09-12,3.2230000000000003,3.25,3.178,3.205,20282.0
2012-09-13,3.2230000000000003,3.259,3.205,3.2230000000000003,23439.0
2012-09-14,3.259,3.2680000000000002,3.196,3.25,24791.0
2012-09-17,3.141,3.2680000000000002,3.123,3.259,16187.0
2012-09-18,3.123,3.178,3.105,3.178,11080.0
2012-09-19,3.123,3.159,3.105,3.123,9505.0
2012-09-20,3.0410000000000004,3.123,3.032,3.123,12846.0
2012-09-21,3.06,3.0869999999999997,3.023,3.0410000000000004,9330.0
2012-09-24,3.069,3.069,3.014,3.0410000000000004,7109.0
2012-09-25,3.0780000000000003,3.0869999999999997,3.0410000000000004,3.06,9945.0
2012-09-26,2.96,3.0780000000000003,2.951,3.0410000000000004,11779.0
2012-09-27,3.06,3.0869999999999997,2.951,2.969,22793.0
2012-09-28,3.0869999999999997,3.096,3.023,3.0410000000000004,18197.0
2012-10-08,3.0410000000000004,3.0869999999999997,3.032,3.0780000000000003,10035.0
2012-10-09,3.096,3.105,3.023,3.0410000000000004,17257.0
2012-10-10,3.159,3.159,3.0780000000000003,3.096,26883.0
2012-10-11,3.0869999999999997,3.15,3.0780000000000003,3.141,28894.0
2012-10-12,3.123,3.178,3.096,3.114,26302.0
2012-10-15,3.105,3.141,3.0780000000000003,3.141,14138.0
2012-10-16,3.123,3.1319999999999997,3.0780000000000003,3.105,22485.0
2012-10-17,3.105,3.123,3.0780000000000003,3.114,21874.0
2012-10-18,3.168,3.2230000000000003,3.105,3.114,81363.0
2012-10-19,3.286,3.45,3.15,3.168,174920.0
2012-10-22,3.35,3.386,3.159,3.2319999999999998,98519.0
2012-10-23,3.3139999999999996,3.477,3.305,3.3139999999999996,110263.0
2012-10-24,3.35,3.386,3.25,3.2680000000000002,54234.0
2012-10-25,3.2769999999999997,3.395,3.25,3.35,53809.0
2012-10-26,3.2769999999999997,3.323,3.214,3.2769999999999997,38349.0
2012-10-29,3.205,3.25,3.141,3.241,46192.0
2012-10-30,3.241,3.341,3.178,3.205,51537.0
2012-10-31,3.2769999999999997,3.286,3.2230000000000003,3.25,25093.0
2012-11-01,3.45,3.5589999999999997,3.2769999999999997,3.2769999999999997,138318.0
2012-11-02,3.5589999999999997,3.622,3.405,3.45,170519.0
2012-11-05,3.477,3.5589999999999997,3.4589999999999996,3.5410000000000004,81591.0
2012-11-06,3.432,3.468,3.332,3.4589999999999996,75343.0
2012-11-07,3.3680000000000003,3.423,3.359,3.4139999999999997,39541.0
2012-11-08,3.4139999999999997,3.5589999999999997,3.305,3.332,122259.0
2012-11-09,3.395,3.45,3.35,3.395,52084.0
2012-11-12,3.495,3.5039999999999996,3.3680000000000003,3.395,100175.0
2012-11-13,3.259,3.495,3.241,3.477,84411.0
2012-11-14,3.305,3.323,3.214,3.241,38029.0
2012-11-15,3.2680000000000002,3.35,3.2319999999999998,3.286,35657.0
2012-11-16,3.2680000000000002,3.2769999999999997,3.187,3.25,25030.0
2012-11-19,3.286,3.323,3.205,3.259,21861.0
2012-11-20,3.2769999999999997,3.332,3.259,3.2960000000000003,27665.0
2012-11-21,3.377,3.395,3.214,3.286,49837.0
2012-11-22,3.332,3.395,3.305,3.341,29537.0
2012-11-23,3.323,3.395,3.305,3.305,31966.0
2012-11-26,3.25,3.332,3.241,3.323,21560.0
2012-11-27,3.105,3.259,3.0780000000000003,3.2230000000000003,35775.0
2012-11-28,3.05,3.114,3.014,3.114,13493.0
2012-11-29,3.0410000000000004,3.105,3.032,3.06,13251.0
2012-11-30,3.196,3.2319999999999998,3.06,3.06,44456.0
2012-12-03,3.1319999999999997,3.2680000000000002,3.1319999999999997,3.205,26589.0
2012-12-04,3.178,3.214,3.0780000000000003,3.1319999999999997,22321.0
2012-12-05,3.305,3.377,3.178,3.178,60641.0
2012-12-06,3.323,3.386,3.25,3.305,50395.0
2012-12-07,3.359,3.377,3.286,3.3139999999999996,56847.0
2012-12-10,3.3680000000000003,3.432,3.332,3.377,73640.0
2012-12-11,3.359,3.423,3.341,3.377,63802.0
2012-12-12,3.386,3.405,3.3139999999999996,3.359,40102.0
2012-12-13,3.35,3.4410000000000003,3.323,3.377,48965.0
2012-12-14,3.523,3.595,3.341,3.341,138386.0
2012-12-17,3.495,3.595,3.45,3.532,104559.0
2012-12-18,3.432,3.532,3.395,3.468,71931.0
2012-12-19,3.432,3.468,3.359,3.4139999999999997,67911.0
2012-12-20,3.395,3.432,3.35,3.405,52570.0
2012-12-21,3.35,3.45,3.3139999999999996,3.405,65455.0
2012-12-24,3.3680000000000003,3.386,3.332,3.341,29173.0
2012-12-25,3.7039999999999997,3.7039999999999997,3.341,3.3680000000000003,331765.0
2012-12-26,3.74,3.804,3.668,3.722,273829.0
2012-12-27,3.722,3.94,3.677,3.7039999999999997,205081.0
2012-12-28,3.8310000000000004,3.877,3.659,3.659,177160.0
2012-12-31,3.813,4.067,3.7769999999999997,3.84,207401.0
2013-01-04,3.7489999999999997,3.931,3.74,3.886,162355.0
2013-01-07,3.804,3.804,3.677,3.722,83738.0
2013-01-08,3.8310000000000004,3.886,3.7310000000000003,3.786,102487.0
2013-01-09,3.795,3.8489999999999998,3.722,3.804,83487.0
2013-01-10,3.822,3.904,3.759,3.786,114986.0
2013-01-11,3.65,3.8489999999999998,3.6310000000000002,3.822,107470.0
2013-01-14,3.7769999999999997,3.813,3.65,3.65,95508.0
2013-01-15,3.786,3.813,3.7310000000000003,3.7769999999999997,82647.0
2013-01-16,3.949,3.9760000000000004,3.759,3.7680000000000002,213783.0
2013-01-17,3.795,3.895,3.786,3.8489999999999998,118860.0
2013-01-18,3.877,3.904,3.7769999999999997,3.795,94928.0
2013-01-21,3.886,3.949,3.858,3.895,100333.0
2013-01-22,3.786,3.886,3.7769999999999997,3.886,67700.0
2013-01-23,3.8489999999999998,3.858,3.759,3.786,70937.0
2013-01-24,3.695,3.904,3.668,3.8489999999999998,103421.0
2013-01-25,3.668,3.722,3.641,3.722,52446.0
2013-01-28,3.804,3.813,3.659,3.668,70604.0
2013-01-29,3.813,3.858,3.795,3.813,48380.0
2013-01-30,3.786,3.8489999999999998,3.74,3.8489999999999998,81967.0
2013-01-31,3.722,3.795,3.677,3.786,58004.0
2013-02-01,3.74,3.7489999999999997,3.6860000000000004,3.722,39829.0
2013-02-04,3.74,3.813,3.7039999999999997,3.813,49165.0
2013-02-05,3.822,3.8680000000000003,3.65,3.713,82545.0
2013-02-06,3.7769999999999997,3.813,3.7489999999999997,3.804,35549.0
2013-02-07,3.786,3.795,3.74,3.7769999999999997,23338.0
2013-02-08,3.804,3.813,3.7680000000000002,3.786,38424.0
2013-02-18,3.7769999999999997,3.84,3.7489999999999997,3.822,43819.0
2013-02-19,3.6860000000000004,3.7769999999999997,3.65,3.7680000000000002,56038.0
2013-02-20,3.7039999999999997,3.7039999999999997,3.659,3.6860000000000004,32912.0
2013-02-21,3.568,3.668,3.5589999999999997,3.668,61831.0
2013-02-22,3.568,3.613,3.5410000000000004,3.568,34193.0
2013-02-25,3.577,3.6039999999999996,3.5410000000000004,3.568,24532.0
2013-02-26,3.486,3.595,3.477,3.568,31015.0
2013-02-27,3.5039999999999996,3.5589999999999997,3.486,3.495,43180.0
2013-02-28,3.65,3.6860000000000004,3.523,3.523,104995.0
2013-03-01,3.6310000000000002,3.659,3.5860000000000003,3.65,47556.0
2013-03-04,3.3139999999999996,3.523,3.2680000000000002,3.523,105604.0
2013-03-05,3.359,3.377,3.305,3.305,39213.0
2013-03-06,3.386,3.4139999999999997,3.341,3.359,30650.0
2013-03-07,3.377,3.4410000000000003,3.332,3.377,38993.0
2013-03-08,3.359,3.395,3.35,3.3680000000000003,19690.0
2013-03-11,3.395,3.4139999999999997,3.359,3.377,18096.0
2013-03-12,3.323,3.4139999999999997,3.2960000000000003,3.395,22217.0
2013-03-13,3.332,3.35,3.2680000000000002,3.2960000000000003,18270.0
2013-03-14,3.3139999999999996,3.35,3.2960000000000003,3.3139999999999996,10222.0
2013-03-15,3.2769999999999997,3.35,3.241,3.3139999999999996,28701.0
2013-03-18,3.2769999999999997,3.305,3.25,3.2769999999999997,14747.0
2013-03-19,3.3139999999999996,3.341,3.2680000000000002,3.2680000000000002,24265.0
2013-03-20,3.377,3.386,3.3139999999999996,3.3139999999999996,45609.0
2013-03-21,3.35,3.395,3.341,3.395,30898.0
2013-03-22,3.386,3.395,3.341,3.341,20877.0
2013-03-25,3.377,3.405,3.35,3.386,22288.0
2013-03-26,3.423,3.432,3.359,3.3680000000000003,44527.0
2013-03-27,3.386,3.432,3.359,3.432,25051.0
2013-03-28,3.25,3.359,3.241,3.359,35607.0
2013-03-29,3.2680000000000002,3.286,3.214,3.259,14786.0
2013-04-01,3.305,3.35,3.259,3.2680000000000002,28707.0
2013-04-02,3.305,3.359,3.286,3.2960000000000003,24352.0
2013-04-03,3.2230000000000003,3.3139999999999996,3.2230000000000003,3.3139999999999996,21814.0
2013-04-08,3.25,3.25,3.159,3.214,19661.0
2013-04-09,3.259,3.2960000000000003,3.2230000000000003,3.25,16681.0
2013-04-10,3.2680000000000002,3.2960000000000003,3.2319999999999998,3.2960000000000003,12932.0
2013-04-11,3.2769999999999997,3.3139999999999996,3.2680000000000002,3.2769999999999997,27416.0
2013-04-12,3.241,3.286,3.241,3.2769999999999997,12758.0
2013-04-15,3.205,3.2769999999999997,3.187,3.241,20474.0
2013-04-16,3.286,3.2960000000000003,3.159,3.205,22893.0
2013-04-17,3.286,3.3139999999999996,3.259,3.305,19712.0
2013-04-18,3.259,3.2960000000000003,3.25,3.2680000000000002,14028.0
2013-04-19,3.3139999999999996,3.332,3.2680000000000002,3.2680000000000002,38444.0
2013-04-22,3.286,3.3139999999999996,3.25,3.2769999999999997,27915.0
2013-04-23,3.178,3.2680000000000002,3.168,3.2680000000000002,28273.0
2013-04-24,3.214,3.2230000000000003,3.178,3.187,19066.0
2013-04-25,3.187,3.2319999999999998,3.178,3.214,16130.0
2013-04-26,3.168,3.214,3.159,3.187,19028.0
2013-05-02,3.205,3.2230000000000003,3.15,3.15,14127.0
2013-05-03,3.25,3.259,3.205,3.2230000000000003,32024.0
2013-05-06,3.2769999999999997,3.286,3.2230000000000003,3.241,27901.0
2013-05-07,3.286,3.305,3.25,3.286,25689.0
2013-05-08,3.286,3.3139999999999996,3.259,3.286,23330.0
2013-05-09,3.259,3.286,3.2319999999999998,3.286,19170.0
2013-05-10,3.332,3.35,3.25,3.25,41922.0
2013-05-13,3.3139999999999996,3.332,3.2960000000000003,3.3139999999999996,21261.0
2013-05-14,3.286,3.323,3.2769999999999997,3.323,18004.0
2013-05-15,3.377,3.386,3.286,3.286,38241.0
2013-05-16,3.55,3.6310000000000002,3.5039999999999996,3.532,216850.0
2013-05-17,3.55,3.5860000000000003,3.495,3.495,124532.0
2013-05-20,3.55,3.577,3.532,3.5589999999999997,82675.0
2013-05-21,3.532,3.5410000000000004,3.495,3.5410000000000004,52552.0
2013-05-22,3.55,3.595,3.513,3.5410000000000004,67745.0
2013-05-23,3.495,3.5860000000000003,3.477,3.523,55373.0
2013-05-24,3.532,3.5410000000000004,3.486,3.495,33311.0
2013-05-27,3.532,3.5410000000000004,3.495,3.532,40101.0
2013-05-28,3.6039999999999996,3.613,3.513,3.523,88792.0
2013-05-29,3.5860000000000003,3.713,3.568,3.622,138629.0
2013-05-30,3.513,3.5860000000000003,3.513,3.55,72866.0
2013-05-31,3.532,3.577,3.523,3.532,45621.0
2013-06-03,3.532,3.595,3.5039999999999996,3.5410000000000004,62505.0
2013-06-04,3.468,3.568,3.4589999999999996,3.523,54695.0
2013-06-05,3.45,3.5039999999999996,3.405,3.477,42148.0
2013-06-06,3.3939999999999997,3.478,3.3939999999999997,3.478,19574.0
2013-06-07,3.3110000000000004,3.4410000000000003,3.292,3.3939999999999997,39253.0
2013-06-13,3.2,3.292,3.1719999999999997,3.2739999999999996,39492.0
2013-06-14,3.227,3.2460000000000004,3.2,3.2,18549.0
2013-06-17,3.218,3.2460000000000004,3.2,3.227,23543.0
2013-06-18,3.2460000000000004,3.265,3.2089999999999996,3.227,26079.0
2013-06-19,3.2089999999999996,3.227,3.1630000000000003,3.227,26935.0
2013-06-20,3.19,3.227,3.1719999999999997,3.2,27860.0
2013-06-21,3.2739999999999996,3.33,3.1630000000000003,3.181,72598.0
2013-06-24,2.9960000000000004,3.265,2.9589999999999996,3.237,61057.0
2013-06-25,2.931,2.9960000000000004,2.745,2.968,39088.0
2013-06-26,2.9210000000000003,2.968,2.884,2.94,22126.0
2013-06-27,2.912,2.986,2.884,2.949,29384.0
2013-06-28,2.9960000000000004,3.042,2.875,2.912,52698.0
2013-07-01,3.014,3.023,2.912,2.9589999999999996,26932.0
2013-07-02,2.986,3.014,2.931,3.014,23092.0
2013-07-03,2.931,2.986,2.875,2.9589999999999996,23519.0
2013-07-04,2.9589999999999996,2.986,2.903,2.912,23150.0
2013-07-05,3.005,3.051,2.94,2.94,37905.0
2013-07-08,2.866,2.977,2.866,2.977,27771.0
2013-07-09,2.8939999999999997,2.9210000000000003,2.838,2.9210000000000003,11008.0
2013-07-10,2.968,2.977,2.866,2.8939999999999997,34199.0
2013-07-11,3.051,3.0980000000000003,2.968,2.977,76956.0
2013-07-12,2.986,3.07,2.9589999999999996,3.0610000000000004,53957.0
2013-07-15,3.023,3.042,2.977,2.986,39487.0
2013-07-16,3.042,3.051,2.977,3.023,36795.0
2013-07-17,3.051,3.1069999999999998,3.005,3.033,57780.0
2013-07-18,3.014,3.07,3.005,3.051,38214.0
2013-07-19,2.912,3.033,2.903,3.014,38180.0
2013-07-22,2.912,2.912,2.847,2.903,16808.0
2013-07-23,2.968,3.005,2.903,2.912,36328.0
2013-07-24,2.94,2.986,2.884,2.968,33067.0
2013-07-25,2.9210000000000003,2.949,2.8939999999999997,2.949,30301.0
2013-07-26,2.912,2.9210000000000003,2.8569999999999998,2.912,21573.0
2013-07-29,2.875,2.8939999999999997,2.838,2.884,30663.0
2013-07-30,2.884,2.9210000000000003,2.847,2.875,18635.0
2013-07-31,2.903,3.005,2.8939999999999997,2.9210000000000003,45500.0
2013-08-01,2.949,2.968,2.8939999999999997,2.912,31846.0
2013-08-02,2.986,3.023,2.9589999999999996,2.9960000000000004,80388.0
2013-08-05,2.986,2.986,2.94,2.977,50617.0
2013-08-06,3.005,3.005,2.931,2.977,161968.0
2013-08-07,3.014,3.0789999999999997,2.977,2.977,111791.0
2013-08-08,2.977,3.014,2.9589999999999996,2.986,59351.0
2013-08-09,3.005,3.023,2.9589999999999996,2.986,49471.0
2013-08-12,3.0610000000000004,3.0789999999999997,2.9960000000000004,3.005,101197.0
2013-08-13,3.0789999999999997,3.088,3.042,3.0610000000000004,77543.0
2013-08-14,3.0789999999999997,3.135,3.0610000000000004,3.1069999999999998,89605.0
2013-08-15,3.042,3.088,3.033,3.088,64001.0
2013-08-16,2.9960000000000004,3.116,2.9960000000000004,3.023,69787.0
2013-08-19,3.023,3.033,2.977,2.986,29560.0
2013-08-20,3.014,3.051,2.9960000000000004,3.014,47968.0
2013-08-21,3.023,3.023,2.986,2.9960000000000004,31893.0
2013-08-22,3.07,3.218,3.014,3.033,108202.0
2013-08-23,3.0610000000000004,3.125,3.033,3.0789999999999997,72395.0
2013-08-26,3.1630000000000003,3.181,3.051,3.0610000000000004,116226.0
2013-08-27,3.255,3.292,3.1439999999999997,3.1439999999999997,157892.0
2013-08-28,3.385,3.478,3.1719999999999997,3.255,214784.0
2013-08-29,3.33,3.3760000000000003,3.2739999999999996,3.3480000000000003,99512.0
2013-08-30,3.4130000000000003,3.487,3.32,3.32,167173.0
2013-09-02,3.2739999999999996,3.469,3.2089999999999996,3.469,119895.0
2013-09-03,3.3480000000000003,3.385,3.227,3.2739999999999996,76812.0
2013-09-04,3.3569999999999998,3.4130000000000003,3.32,3.3569999999999998,80150.0
2013-09-05,3.385,3.4219999999999997,3.3110000000000004,3.3760000000000003,83501.0
2013-09-06,3.478,3.534,3.367,3.3760000000000003,144313.0
2013-09-09,3.487,3.552,3.45,3.534,128858.0
2013-09-10,3.608,3.636,3.469,3.478,177424.0
2013-09-11,3.543,3.71,3.478,3.7,152998.0
2013-09-12,3.534,3.5610000000000004,3.4589999999999996,3.5239999999999996,97759.0
2013-09-13,3.515,3.534,3.4589999999999996,3.515,74520.0
2013-09-16,3.432,3.5060000000000002,3.4219999999999997,3.4960000000000004,56851.0
2013-09-17,3.404,3.4589999999999996,3.3569999999999998,3.432,45817.0
2013-09-18,3.4410000000000003,3.478,3.385,3.385,50124.0
2013-09-23,3.487,3.5060000000000002,3.4410000000000003,3.45,49714.0
2013-09-24,3.571,3.738,3.4410000000000003,3.478,143045.0
2013-09-25,3.4960000000000004,3.5980000000000003,3.478,3.543,84912.0
2013-09-26,3.32,3.487,3.302,3.469,75155.0
2013-09-27,3.302,3.3480000000000003,3.292,3.33,33496.0
2013-09-30,3.385,3.3939999999999997,3.302,3.302,32825.0
2013-10-08,3.45,3.469,3.302,3.3760000000000003,58693.0
2013-10-09,3.469,3.5060000000000002,3.4130000000000003,3.4410000000000003,38120.0
2013-10-10,3.4960000000000004,3.515,3.4410000000000003,3.469,48512.0
2013-10-11,3.6630000000000003,3.7,3.487,3.4960000000000004,187466.0
2013-10-14,3.571,3.654,3.5060000000000002,3.636,124584.0
2013-10-15,3.571,3.5980000000000003,3.487,3.571,87071.0
2013-10-16,3.45,3.571,3.4130000000000003,3.571,73175.0
2013-10-17,3.45,3.5060000000000002,3.4219999999999997,3.469,48658.0
2013-10-18,3.4410000000000003,3.469,3.432,3.45,24281.0
2013-10-21,3.487,3.4960000000000004,3.4130000000000003,3.4589999999999996,46311.0
2013-10-22,3.4410000000000003,3.487,3.432,3.478,37418.0
2013-10-23,3.3760000000000003,3.487,3.3569999999999998,3.4589999999999996,33954.0
2013-10-24,3.3760000000000003,3.3939999999999997,3.3480000000000003,3.385,21408.0
2013-10-25,3.3110000000000004,3.3760000000000003,3.292,3.367,28395.0
2013-10-28,3.32,3.33,3.2739999999999996,3.292,16555.0
2013-10-29,3.227,3.339,3.153,3.32,39600.0
2013-10-30,3.255,3.265,3.2,3.2089999999999996,22617.0
2013-10-31,3.2460000000000004,3.3110000000000004,3.2460000000000004,3.255,23152.0
2013-11-01,3.32,3.3569999999999998,3.237,3.237,47464.0
2013-11-04,3.302,3.32,3.2460000000000004,3.3110000000000004,39037.0
2013-11-05,3.283,3.292,3.237,3.265,30149.0
2013-11-06,3.283,3.3110000000000004,3.255,3.292,23808.0
2013-11-07,3.237,3.2739999999999996,3.2,3.2460000000000004,25304.0
2013-11-08,3.227,3.2460000000000004,3.1719999999999997,3.227,17312.0
2013-11-11,3.2089999999999996,3.237,3.1439999999999997,3.218,11437.0
2013-11-12,3.218,3.237,3.181,3.227,20926.0
2013-11-13,3.1719999999999997,3.218,3.1719999999999997,3.218,15046.0
2013-11-14,3.181,3.19,3.135,3.153,13219.0
2013-11-15,3.237,3.255,3.153,3.181,32489.0
2013-11-18,3.302,3.32,3.227,3.255,55508.0
2013-11-19,3.283,3.302,3.265,3.292,32237.0
2013-11-20,3.33,3.33,3.265,3.302,29962.0
2013-11-21,3.3110000000000004,3.32,3.255,3.292,20795.0
2013-11-22,3.3760000000000003,3.478,3.2739999999999996,3.3110000000000004,80616.0
2013-11-25,3.3480000000000003,3.3939999999999997,3.292,3.385,60217.0
2013-11-26,3.32,3.3569999999999998,3.292,3.339,29452.0
2013-11-27,3.32,3.33,3.283,3.3110000000000004,32496.0
2013-11-28,3.3760000000000003,3.4130000000000003,3.3110000000000004,3.32,73209.0
2013-11-29,3.33,3.385,3.32,3.385,47860.0
2013-12-02,3.19,3.302,3.181,3.283,49106.0
2013-12-03,3.2460000000000004,3.265,3.181,3.19,19559.0
2013-12-04,3.283,3.32,3.237,3.237,56855.0
2013-12-05,3.283,3.292,3.265,3.2739999999999996,25720.0
2013-12-06,3.2739999999999996,3.3110000000000004,3.265,3.2739999999999996,35630.0
2013-12-09,3.283,3.302,3.265,3.2739999999999996,13120.0
2013-12-10,3.3110000000000004,3.339,3.283,3.283,37970.0
2013-12-11,3.265,3.302,3.227,3.302,29754.0
2013-12-12,3.283,3.292,3.2460000000000004,3.265,23487.0
2013-12-13,3.2739999999999996,3.302,3.265,3.283,19465.0
2013-12-16,3.227,3.302,3.2089999999999996,3.302,24761.0
2013-12-17,3.19,3.237,3.19,3.237,21017.0
2013-12-18,3.1719999999999997,3.218,3.153,3.2,20321.0
2013-12-19,3.125,3.19,3.125,3.181,21222.0
2013-12-20,3.0789999999999997,3.153,3.0610000000000004,3.153,18606.0
2013-12-23,3.042,3.1069999999999998,2.9960000000000004,3.0789999999999997,26328.0
2013-12-24,3.051,3.0789999999999997,3.014,3.051,19209.0
2013-12-25,3.0610000000000004,3.0610000000000004,3.023,3.051,16843.0
2013-12-26,2.9589999999999996,3.0610000000000004,2.9589999999999996,3.0610000000000004,24834.0
2013-12-27,2.9960000000000004,3.005,2.9589999999999996,2.968,18630.0
2013-12-30,3.005,3.023,2.986,3.005,16432.0
2013-12-31,3.005,3.023,2.986,3.005,16027.0
2014-01-02,3.033,3.042,3.005,3.005,17245.0
2014-01-03,3.023,3.033,2.968,3.033,24574.0
2014-01-06,2.94,3.005,2.912,2.986,35101.0
2014-01-07,2.977,3.033,2.903,2.94,39016.0
2014-01-08,2.9210000000000003,2.977,2.903,2.968,29345.0
2014-01-09,2.912,2.977,2.866,2.912,27135.0
2014-01-10,2.838,2.912,2.819,2.903,19978.0
2014-01-13,2.81,2.8569999999999998,2.782,2.838,20007.0
2014-01-14,2.8569999999999998,2.8569999999999998,2.792,2.81,12126.0
2014-01-15,2.8939999999999997,2.903,2.8289999999999997,2.8569999999999998,18040.0
2014-01-16,2.866,2.8939999999999997,2.8289999999999997,2.8569999999999998,29909.0
2014-01-17,2.819,2.847,2.81,2.847,11198.0
2014-01-20,2.81,2.8289999999999997,2.792,2.81,9000.0
2014-01-21,2.8569999999999998,2.8569999999999998,2.81,2.81,12610.0
2014-01-22,2.94,2.949,2.838,2.8569999999999998,37757.0
2014-01-23,2.94,2.94,2.903,2.931,23969.0
2014-01-24,3.042,3.07,2.912,2.912,73404.0
2014-01-27,3.033,3.1069999999999998,2.968,3.023,48325.0
2014-01-28,2.9960000000000004,3.07,2.977,3.033,24760.0
2014-01-29,2.9960000000000004,3.014,2.9589999999999996,2.986,21003.0
2014-01-30,2.986,3.005,2.9589999999999996,2.986,9839.0
2014-02-07,2.9960000000000004,3.005,2.949,2.977,17187.0
2014-02-10,3.0610000000000004,3.07,2.9960000000000004,2.9960000000000004,44042.0
2014-02-11,3.0610000000000004,3.0789999999999997,3.042,3.051,31556.0
2014-02-12,3.088,3.088,3.042,3.0610000000000004,42427.0
2014-02-13,3.033,3.0980000000000003,3.014,3.088,41717.0
2014-02-14,3.07,3.0980000000000003,3.023,3.051,51077.0
2014-02-17,3.088,3.1069999999999998,3.07,3.0789999999999997,61402.0
2014-02-18,3.042,3.088,3.023,3.0789999999999997,46415.0
2014-02-19,3.0610000000000004,3.088,3.033,3.042,35683.0
2014-02-20,3.042,3.088,3.033,3.07,40355.0
2014-02-21,3.005,3.07,2.977,3.033,30012.0
2014-02-24,2.8569999999999998,2.9960000000000004,2.838,2.9960000000000004,61946.0
2014-02-25,2.801,2.875,2.792,2.8569999999999998,43251.0
2014-02-26,2.8289999999999997,2.838,2.792,2.81,26319.0
2014-02-27,2.801,2.838,2.801,2.8289999999999997,22688.0
2014-02-28,2.819,2.819,2.773,2.81,25005.0
2014-03-03,2.866,2.875,2.801,2.801,30974.0
2014-03-04,2.875,2.8939999999999997,2.838,2.866,22215.0
2014-03-05,2.875,2.9210000000000003,2.8569999999999998,2.8939999999999997,29686.0
2014-03-06,2.903,2.931,2.8289999999999997,2.875,44553.0
2014-03-07,2.847,2.931,2.838,2.903,33266.0
2014-03-10,2.792,2.838,2.782,2.838,27208.0
2014-03-11,2.81,2.838,2.764,2.782,18304.0
2014-03-12,2.9210000000000003,2.9960000000000004,2.792,2.81,95407.0
2014-03-13,2.9210000000000003,2.9589999999999996,2.875,2.949,43948.0
2014-03-14,2.903,2.9210000000000003,2.875,2.903,23685.0
2014-03-17,2.9210000000000003,2.931,2.8939999999999997,2.903,25059.0
2014-03-18,2.8939999999999997,2.94,2.8939999999999997,2.931,25263.0
2014-03-19,2.884,2.884,2.8289999999999997,2.884,52505.0
2014-03-20,2.875,2.949,2.875,2.903,44814.0
2014-03-21,2.9960000000000004,3.014,2.8569999999999998,2.8569999999999998,100049.0
2014-03-24,3.1069999999999998,3.125,3.005,3.014,127064.0
2014-03-25,3.1439999999999997,3.1719999999999997,3.0610000000000004,3.088,124969.0
2014-03-26,3.088,3.1630000000000003,3.0610000000000004,3.1630000000000003,70259.0
2014-03-27,3.07,3.135,3.042,3.0789999999999997,68542.0
2014-03-28,3.07,3.1439999999999997,3.042,3.051,70202.0
2014-03-31,3.0980000000000003,3.1439999999999997,3.051,3.0789999999999997,42192.0
2014-04-01,3.125,3.1439999999999997,3.0610000000000004,3.088,43105.0
2014-04-02,3.237,3.292,3.125,3.125,152214.0
2014-04-03,3.153,3.265,3.125,3.227,74107.0
2014-04-04,3.153,3.1719999999999997,3.1069999999999998,3.1439999999999997,37205.0
2014-04-08,3.1630000000000003,3.181,3.116,3.1439999999999997,36933.0
2014-04-09,3.153,3.19,3.125,3.1630000000000003,33402.0
2014-04-10,3.1069999999999998,3.153,3.088,3.1439999999999997,59529.0
2014-04-11,3.07,3.1069999999999998,3.051,3.0789999999999997,54368.0
2014-04-14,3.07,3.0980000000000003,3.051,3.0789999999999997,45799.0
2014-04-15,3.125,3.227,3.07,3.07,129611.0
2014-04-16,3.135,3.19,3.088,3.0980000000000003,70910.0
2014-04-17,3.1069999999999998,3.153,3.1069999999999998,3.135,40354.0
2014-04-18,3.1069999999999998,3.125,3.07,3.116,23743.0
2014-04-21,3.0610000000000004,3.116,3.042,3.088,28451.0
2014-04-22,3.033,3.07,2.986,3.0610000000000004,33171.0
2014-04-23,3.033,3.042,2.9960000000000004,3.023,15009.0
2014-04-24,2.9589999999999996,3.014,2.94,3.005,47416.0
2014-04-25,2.912,2.968,2.8939999999999997,2.931,31561.0
2014-04-28,2.819,2.912,2.819,2.912,23325.0
2014-04-29,2.866,2.875,2.819,2.819,11466.0
2014-04-30,2.884,2.8939999999999997,2.847,2.866,13008.0
2014-05-05,2.866,2.884,2.838,2.884,15486.0
2014-05-06,2.875,2.884,2.8569999999999998,2.866,10925.0
2014-05-07,2.8289999999999997,2.875,2.819,2.875,15014.0
2014-05-08,2.8569999999999998,2.903,2.8289999999999997,2.8289999999999997,17737.0
2014-05-09,2.838,2.875,2.819,2.875,13024.0
2014-05-12,2.8939999999999997,2.912,2.847,2.866,29631.0
2014-05-13,2.903,2.9210000000000003,2.875,2.884,17580.0
2014-05-14,2.903,2.949,2.903,2.9210000000000003,27433.0
2014-05-15,2.8569999999999998,2.903,2.838,2.884,17672.0
2014-05-16,2.8569999999999998,2.884,2.838,2.847,16336.0
2014-05-19,2.8569999999999998,2.866,2.8289999999999997,2.8569999999999998,9168.0
2014-05-20,2.8569999999999998,2.875,2.838,2.866,7647.0
2014-05-21,2.8939999999999997,2.903,2.838,2.838,14725.0
2014-05-22,2.875,2.912,2.875,2.875,11285.0
2014-05-23,2.903,2.9210000000000003,2.866,2.875,17677.0
2014-05-26,2.912,2.9210000000000003,2.8939999999999997,2.8939999999999997,9810.0
2014-05-27,2.903,2.912,2.884,2.903,15303.0
2014-05-28,2.912,2.9210000000000003,2.875,2.8939999999999997,16664.0
2014-05-29,2.884,2.912,2.875,2.912,22474.0
2014-05-30,2.866,2.8939999999999997,2.866,2.884,12000.0
2014-06-03,2.866,2.8939999999999997,2.847,2.866,11410.0
2014-06-04,2.8289999999999997,2.866,2.81,2.8569999999999998,18832.0
2014-06-05,2.838,2.8569999999999998,2.81,2.8289999999999997,11020.0
2014-06-06,2.838,2.8569999999999998,2.8289999999999997,2.847,13244.0
2014-06-09,2.847,2.8569999999999998,2.8289999999999997,2.8289999999999997,11557.0
2014-06-10,2.8569999999999998,2.866,2.8289999999999997,2.8289999999999997,10719.0
2014-06-11,2.8569999999999998,2.866,2.838,2.838,12662.0
2014-06-12,2.847,2.8569999999999998,2.838,2.8569999999999998,7009.0
2014-06-13,2.875,2.875,2.847,2.847,16884.0
2014-06-16,2.912,2.912,2.875,2.884,21034.0
2014-06-17,2.8939999999999997,2.912,2.875,2.903,15821.0
2014-06-18,2.875,2.9130000000000003,2.8360000000000003,2.903,20592.0
2014-06-19,2.7880000000000003,2.884,2.779,2.875,15323.0
2014-06-20,2.8080000000000003,2.8169999999999997,2.779,2.798,13201.0
2014-06-23,2.846,2.855,2.798,2.8080000000000003,13812.0
2014-06-24,2.827,2.855,2.827,2.855,11556.0
2014-06-25,2.875,2.8939999999999997,2.8169999999999997,2.8360000000000003,15710.0
2014-06-26,2.903,2.9130000000000003,2.846,2.875,28196.0
2014-06-27,2.8939999999999997,2.923,2.865,2.884,30956.0
2014-06-30,2.903,2.923,2.884,2.903,24521.0
2014-07-01,2.8939999999999997,2.9130000000000003,2.8939999999999997,2.9130000000000003,24448.0
2014-07-02,2.9130000000000003,2.923,2.8939999999999997,2.8939999999999997,21111.0
2014-07-03,2.932,2.951,2.903,2.9130000000000003,33756.0
2014-07-04,2.9419999999999997,2.951,2.923,2.932,32994.0
2014-07-07,2.951,2.9610000000000003,2.932,2.9419999999999997,31281.0
2014-07-08,2.9419999999999997,2.9610000000000003,2.903,2.951,21275.0
2014-07-09,2.875,2.932,2.875,2.932,24501.0
2014-07-10,2.884,2.8939999999999997,2.865,2.875,15789.0
2014-07-11,2.903,2.923,2.875,2.884,25589.0
2014-07-14,2.9419999999999997,2.9419999999999997,2.8939999999999997,2.903,44910.0
2014-07-15,2.951,2.951,2.9130000000000003,2.9419999999999997,32221.0
2014-07-16,2.97,3.037,2.97,2.97,77693.0
2014-07-17,2.9419999999999997,2.97,2.932,2.9610000000000003,33230.0
2014-07-18,2.98,2.9989999999999997,2.932,2.932,36474.0
2014-07-21,2.98,2.99,2.9610000000000003,2.97,25447.0
2014-07-22,2.99,3.009,2.9610000000000003,2.9610000000000003,30624.0
2014-07-23,2.97,3.009,2.9610000000000003,2.9989999999999997,33966.0
2014-07-24,3.028,3.076,2.97,2.97,78901.0
2014-07-25,3.0469999999999997,3.057,3.009,3.037,45246.0
2014-07-28,3.085,3.095,3.0469999999999997,3.0469999999999997,59323.0
2014-07-29,3.1239999999999997,3.133,3.076,3.095,57615.0
2014-07-30,3.095,3.1239999999999997,3.0660000000000003,3.1239999999999997,39641.0
2014-07-31,3.1239999999999997,3.1239999999999997,3.076,3.095,34673.0
2014-08-01,3.076,3.133,3.0660000000000003,3.114,42311.0
2014-08-04,3.1239999999999997,3.133,3.076,3.076,40385.0
2014-08-05,3.1430000000000002,3.1719999999999997,3.095,3.1239999999999997,46595.0
2014-08-06,3.1719999999999997,3.2,3.1239999999999997,3.1430000000000002,58652.0
2014-08-07,3.1430000000000002,3.21,3.1239999999999997,3.1719999999999997,65604.0
2014-08-08,3.22,3.2289999999999996,3.114,3.1430000000000002,100089.0
2014-08-11,3.258,3.325,3.1719999999999997,3.21,137065.0
2014-08-12,3.239,3.267,3.22,3.239,49564.0
2014-08-13,3.248,3.267,3.21,3.239,42708.0
2014-08-14,3.22,3.2960000000000003,3.2,3.248,55742.0
2014-08-15,3.22,3.248,3.21,3.2289999999999996,40449.0
2014-08-18,3.239,3.258,3.21,3.22,56251.0
2014-08-19,3.267,3.2769999999999997,3.2289999999999996,3.239,42655.0
2014-08-20,3.2769999999999997,3.2960000000000003,3.248,3.258,49203.0
2014-08-21,3.248,3.2769999999999997,3.21,3.2769999999999997,34201.0
2014-08-22,3.267,3.2769999999999997,3.2289999999999996,3.248,60897.0
2014-08-25,3.2769999999999997,3.315,3.22,3.267,83815.0
2014-08-26,3.181,3.267,3.1719999999999997,3.258,65434.0
2014-08-27,3.1719999999999997,3.2,3.162,3.1910000000000003,29041.0
2014-08-28,3.1430000000000002,3.1910000000000003,3.133,3.1519999999999997,31444.0
2014-08-29,3.181,3.1910000000000003,3.1430000000000002,3.1430000000000002,30205.0
2014-09-01,3.258,3.2769999999999997,3.181,3.181,71576.0
2014-09-02,3.2769999999999997,3.2960000000000003,3.239,3.258,49853.0
2014-09-03,3.315,3.3819999999999997,3.2769999999999997,3.2769999999999997,106226.0
2014-09-04,3.344,3.4210000000000003,3.2960000000000003,3.306,105508.0
2014-09-05,3.344,3.363,3.306,3.344,58985.0
2014-09-09,3.363,3.363,3.325,3.363,45317.0
2014-09-10,3.3819999999999997,3.392,3.335,3.3539999999999996,55258.0
2014-09-11,3.3819999999999997,3.44,3.3539999999999996,3.373,89159.0
2014-09-12,3.469,3.488,3.373,3.392,113495.0
2014-09-15,3.5639999999999996,3.5839999999999996,3.4589999999999996,3.478,116203.0
2014-09-16,3.5839999999999996,3.862,3.5260000000000002,3.5839999999999996,321224.0
2014-09-17,3.938,3.938,3.6510000000000002,3.66,437840.0
2014-09-18,4.082,4.331,3.986,4.331,768646.0
2014-09-19,3.957,4.111000000000001,3.9,4.091,520799.0
2014-09-22,3.8810000000000002,4.053,3.862,3.909,380020.0
2014-09-23,3.9,3.9189999999999996,3.823,3.862,273373.0
2014-09-24,3.909,3.9189999999999996,3.833,3.8810000000000002,217393.0
2014-09-25,3.967,4.063,3.8710000000000004,3.9,304895.0
2014-09-26,3.9189999999999996,3.948,3.8710000000000004,3.9189999999999996,138456.0
2014-09-29,3.9189999999999996,3.957,3.89,3.929,145235.0
2014-09-30,3.948,3.948,3.8810000000000002,3.9189999999999996,143018.0
2014-10-08,3.9960000000000004,4.034,3.957,3.977,241685.0
2014-10-09,4.044,4.053,3.948,3.986,200188.0
2014-10-10,4.044,4.082,3.986,4.024,190242.0
2014-10-13,4.082,4.091,3.986,4.024,191056.0
2014-10-14,4.168,4.283,4.063,4.072,292556.0
2014-10-15,4.063,4.159,4.024,4.138999999999999,178241.0
2014-10-16,3.957,4.034,3.948,4.034,155335.0
2014-10-17,3.8810000000000002,4.005,3.833,3.938,122375.0
2014-10-20,3.9189999999999996,3.929,3.852,3.9189999999999996,65861.0
2014-10-21,3.852,3.938,3.842,3.929,71980.0
2014-10-22,3.775,3.8710000000000004,3.766,3.862,74780.0
2014-10-23,3.641,3.775,3.6319999999999997,3.766,98203.0
2014-10-24,3.6510000000000002,3.679,3.6319999999999997,3.641,42439.0
2014-10-27,3.6510000000000002,3.67,3.574,3.641,44560.0
2014-10-28,3.766,3.775,3.6510000000000002,3.66,53897.0
2014-10-29,3.842,3.852,3.747,3.7560000000000002,97163.0
2014-10-30,3.8810000000000002,3.89,3.804,3.833,104660.0
2014-10-31,3.967,4.024,3.9,3.957,212877.0
2014-11-03,3.986,4.044,3.9189999999999996,3.967,140813.0
2014-11-04,4.005,4.015,3.938,3.986,114570.0
2014-11-05,3.9960000000000004,4.024,3.977,3.977,88053.0
2014-11-06,3.948,4.015,3.89,3.9960000000000004,86549.0
2014-11-07,3.8710000000000004,3.977,3.833,3.948,88495.0
2014-11-10,3.929,3.938,3.842,3.862,58879.0
2014-11-11,3.852,3.986,3.8139999999999996,3.938,98846.0
2014-11-12,3.9189999999999996,3.929,3.7939999999999996,3.842,61131.0
2014-11-13,3.9,3.938,3.862,3.909,63063.0
2014-11-14,3.938,3.957,3.842,3.909,71270.0
2014-11-17,3.9189999999999996,3.967,3.8710000000000004,3.938,65096.0
2014-11-18,3.909,3.957,3.9,3.9189999999999996,54186.0
2014-11-19,3.977,3.986,3.9,3.909,88862.0
2014-11-20,3.986,4.015,3.929,3.967,80168.0
2014-11-21,3.986,3.9960000000000004,3.938,3.986,65121.0
2014-11-24,4.149,4.254,4.082,4.187,342757.0
2014-11-25,4.13,4.168,4.072,4.168,182408.0
2014-11-26,4.245,4.312,4.053,4.101,324918.0
2014-11-27,4.263999999999999,4.36,4.168,4.216,270280.0
2014-11-28,4.293,4.321000000000001,4.187,4.274,226916.0
2014-12-01,4.226,4.475,4.216,4.321000000000001,224155.0
2014-12-02,4.254,4.293,4.206,4.216,145865.0
2014-12-03,4.331,4.417,4.226,4.263999999999999,268433.0
2014-12-04,4.388999999999999,4.408,4.293,4.369,206727.0
2014-12-05,4.178,4.408,4.12,4.388999999999999,224016.0
2014-12-08,4.226,4.274,4.138999999999999,4.149,177842.0
2014-12-09,4.063,4.341,4.034,4.235,249027.0
2014-12-10,4.138999999999999,4.149,4.005,4.024,162491.0
2014-12-11,4.36,4.436,4.101,4.149,321393.0
2014-12-12,4.312,4.36,4.274,4.302,170815.0
2014-12-15,4.436,4.475,4.283,4.312,244913.0
2014-12-16,4.513,4.58,4.379,4.398,227025.0
2014-12-17,4.398,4.571000000000001,4.35,4.484,200062.0
2014-12-18,4.321000000000001,4.417,4.321000000000001,4.408,122338.0
2014-12-19,4.293,4.369,4.168,4.341,134531.0
2014-12-22,4.216,4.408,4.178,4.293,150849.0
2014-12-23,4.197,4.341,4.111000000000001,4.187,137096.0
2014-12-24,4.245,4.263999999999999,4.178,4.254,79750.0
2014-12-25,4.293,4.312,4.226,4.235,115191.0
2014-12-26,4.724,4.724,4.312,4.321000000000001,231129.0
2014-12-29,5.193,5.193,4.916,5.069,913248.0
2014-12-30,5.711,5.711,5.347,5.3660000000000005,346284.0
2014-12-31,5.662999999999999,6.132000000000001,5.27,5.979,1205165.0
2015-01-05,5.692,6.122999999999999,5.462000000000001,5.558,861952.0
2015-01-06,5.395,5.481,5.2410000000000005,5.443,497882.0
2015-01-07,5.481,5.51,5.308,5.347,311705.0
2015-01-08,5.347,5.462000000000001,5.27,5.433,242139.0
2015-01-09,5.212999999999999,5.414,5.193,5.289,246395.0
2015-01-12,4.935,5.107,4.829,5.098,274003.0
2015-01-13,5.145,5.184,4.8580000000000005,4.954,285863.0
2015-01-14,5.031000000000001,5.145,4.973,5.078,157036.0
2015-01-15,5.1739999999999995,5.193,5.002,5.078,182929.0
2015-01-16,5.107,5.232,5.002,5.202999999999999,200153.0
2015-01-19,4.618,4.906000000000001,4.599,4.791,272644.0
2015-01-20,4.848,4.887,4.666,4.7139999999999995,185066.0
2015-01-21,5.021,5.145,4.801,4.848,261138.0
2015-01-22,5.059,5.059,4.935,5.031000000000001,198603.0
2015-01-23,5.002,5.117,4.963,5.031000000000001,151928.0
2015-01-26,5.1739999999999995,5.27,4.916,4.992,289450.0
2015-01-27,5.126,5.27,5.011,5.126,234035.0
2015-01-28,5.05,5.117,5.002,5.078,126489.0
2015-01-29,5.098,5.107,4.963,4.9830000000000005,136947.0
2015-01-30,5.031000000000001,5.202999999999999,5.002,5.126,159615.0
2015-02-02,4.877,4.973,4.848,4.973,106910.0
2015-02-03,4.935,4.944,4.868,4.868,94364.0
2015-02-04,4.896,4.973,4.887,4.954,85935.0
2015-02-05,4.887,5.098,4.877,5.031000000000001,161706.0
2015-02-06,4.753,4.868,4.705,4.8389999999999995,112342.0
2015-02-09,4.724,4.781000000000001,4.666,4.762,56699.0
2015-02-10,4.781000000000001,4.801,4.676,4.695,54258.0
2015-02-11,4.801,4.82,4.762,4.781000000000001,58794.0
2015-02-12,4.829,4.8389999999999995,4.772,4.801,64590.0
2015-02-13,5.308,5.308,4.829,4.848,295971.0
2015-02-16,5.3660000000000005,5.385,5.1739999999999995,5.26,340649.0
2015-02-17,5.26,5.414,5.212999999999999,5.395,195645.0
2015-02-25,5.26,5.289,5.1739999999999995,5.289,102525.0
2015-02-26,5.471,5.615,5.212999999999999,5.212999999999999,341507.0
2015-02-27,5.404,5.462000000000001,5.356,5.462000000000001,185505.0
2015-03-02,5.433,5.567,5.404,5.51,188022.0
2015-03-03,5.547999999999999,5.711,5.308,5.385,234164.0
2015-03-04,5.596,5.7010000000000005,5.481,5.51,240002.0
2015-03-05,5.443,5.577000000000001,5.395,5.558,174281.0
2015-03-06,5.443,5.481,5.327999999999999,5.414,120380.0
2015-03-09,5.443,5.452000000000001,5.2989999999999995,5.404,111739.0
2015-03-10,5.537999999999999,5.625,5.443,5.443,159338.0
2015-03-11,5.558,5.653,5.5,5.567,148259.0
2015-03-12,5.644,5.682,5.519,5.586,163894.0
2015-03-13,5.596,5.72,5.537999999999999,5.682,165389.0
2015-03-16,5.692,5.72,5.547999999999999,5.547999999999999,205974.0
2015-03-17,5.8260000000000005,5.893,5.672000000000001,5.692,260720.0
2015-03-18,5.941,5.97,5.7589999999999995,5.835,254193.0
2015-03-19,5.902,5.989,5.816,5.95,242742.0
2015-03-20,6.1129999999999995,6.228,5.882999999999999,5.912000000000001,321368.0
2015-03-23,6.726,6.726,6.122999999999999,6.152,223956.0
2015-03-24,6.937,7.273,6.659,7.186,787359.0
2015-03-25,6.822,6.947,6.688,6.937,375405.0
2015-03-26,6.6979999999999995,6.917999999999999,6.64,6.746,259954.0
2015-03-27,6.822,6.899,6.736000000000001,6.736000000000001,202262.04
2015-03-30,7.1770000000000005,7.492999999999999,6.803,6.888999999999999,479137.0
2015-03-31,6.947,7.617999999999999,6.937,7.397,478114.0
2015-04-01,7.004,7.062,6.813,6.937,243815.0
2015-04-02,7.0329999999999995,7.042999999999999,6.909,6.995,196095.0
2015-04-03,7.091,7.138,6.947,7.0329999999999995,228895.0
2015-04-07,7.311,7.474,7.062,7.119,359015.0
2015-04-08,7.34,7.455,7.186,7.33,345276.0
2015-04-09,7.1579999999999995,7.33,6.888999999999999,7.33,284060.0
2015-04-10,7.244,7.33,6.909,7.081,238102.0
2015-04-13,7.972,7.972,7.273,7.273,623686.0
2015-04-14,8.767000000000001,8.767000000000001,7.876,8.03,762729.0
2015-04-15,8.355,8.921,8.173,8.605,424688.0
2015-04-16,8.642999999999999,8.7,8.097000000000001,8.336,362847.0
2015-04-17,9.505,9.505,8.527999999999999,8.557,977567.0
2015-04-20,9.956,10.042,9.151,9.39,874618.0
2015-04-21,9.697000000000001,10.061,9.39,9.677999999999999,799684.0
2015-04-22,9.754,9.994,9.582,9.994,571532.0
2015-04-23,10.166,10.253,9.533999999999999,9.745,823684.0
2015-04-24,9.927,10.099,9.697000000000001,10.003,622507.0
2015-04-27,9.802,9.927,9.601,9.917,447381.0
2015-04-28,10.118,10.511,9.582,9.764,963744.0
2015-04-29,11.085999999999999,11.134,9.601,9.994,1157732.0
2015-04-30,10.970999999999998,11.163,10.636,10.732000000000001,1004154.0
2015-05-04,10.847000000000001,11.163,10.636,10.923,824986.0
2015-05-05,10.741,10.970999999999998,10.3,10.970999999999998,649614.0
2015-05-06,9.879,10.952,9.668,10.713,810649.0
2015-05-07,9.706,9.773,9.007,9.582,664121.0
2015-05-08,10.472999999999999,10.626,9.486,9.668,945202.0
2015-05-11,10.597999999999999,10.741,10.3,10.454,834550.0
2015-05-12,10.186,10.732000000000001,10.157,10.559000000000001,558329.0
2015-05-13,9.783,10.186,9.582,10.176,453475.0
2015-05-14,9.936,10.013,9.687000000000001,9.735,308602.0
2015-05-15,9.562999999999999,9.917,9.544,9.917,221501.0
2015-05-18,9.112,9.429,9.093,9.429,286904.0
2015-05-19,9.237,9.544,9.16,9.16,271807.0
2015-05-20,9.63,9.86,9.17,9.333,377141.0
2015-05-21,9.591000000000001,9.649,9.437999999999999,9.582,269725.0
2015-05-22,10.157,10.339,9.544,9.697000000000001,498082.0
2015-05-25,10.243,10.425,9.927,10.042,452171.0
2015-05-26,11.048,11.267999999999999,10.061,10.272,699872.0
2015-05-27,10.789000000000001,11.067,10.347999999999999,10.942,562479.0
2015-05-28,9.706,11.163,9.706,10.789000000000001,503683.0
2015-05-29,9.256,9.697000000000001,8.748,9.533999999999999,398938.0
2015-06-01,9.735,9.812000000000001,9.122,9.266,284305.0
2015-06-02,10.31,10.357999999999999,9.63,9.735,382474.0
2015-06-03,10.713,10.866,10.186,10.425,476078.0
2015-06-04,10.31,10.713,9.639,10.713,392186.0
2015-06-05,10.713,10.827,10.329,10.435,527243.0
2015-06-08,11.440999999999999,11.69,10.713,10.847000000000001,702260.0
2015-06-09,11.029000000000002,11.671,10.856,11.498,484762.0
2015-06-10,10.914000000000001,11.192,10.55,10.827,350326.0
2015-06-11,11.412,11.584000000000001,10.827,10.970999999999998,470588.0
2015-06-12,11.68,12.15,11.383,11.431,566994.0
2015-06-15,11.757,12.110999999999999,11.383,11.747,508888.0
2015-06-16,11.422,12.265,11.354000000000001,11.623,514902.0
2015-06-17,11.152999999999999,11.345,10.520999999999999,11.163,398800.0
2015-06-18,11.277999999999999,11.958,10.808,11.077,386777.0
2015-06-19,10.147,11.172,10.147,10.866,272466.0
2015-06-23,9.965,10.243,9.132,9.869,260990.0
2015-06-24,10.147,10.347999999999999,9.677999999999999,10.147,258926.0
2015-06-25,9.984,10.395999999999999,9.783,10.195,257428.0
2015-06-26,8.988,9.722999999999999,8.988,9.452,199455.0
2015-06-29,8.088,9.365,8.088,9.346,338386.0
2015-06-30,8.456,8.611,7.275,7.846,339852.0
2015-07-01,7.614,8.591000000000001,7.614,8.272,259006.0
2015-07-02,6.85,7.595,6.85,7.595,263342.0
2015-07-03,6.162999999999999,6.782,6.162999999999999,6.318,223110.0
2015-07-06,5.553,6.763,5.544,6.763,326070.0
2015-07-07,5.002,5.292000000000001,5.002,5.292000000000001,125539.0
2015-07-08,4.499,4.499,4.499,4.499,38365.0
2015-07-09,4.953,4.953,4.053999999999999,4.053999999999999,414988.0
2015-07-10,5.447,5.447,5.031000000000001,5.099,219287.0
2015-07-13,5.989,5.989,5.611000000000001,5.805,462680.0
2015-07-14,6.114,6.521,5.631,6.027,557446.0
2015-07-15,5.505,6.007999999999999,5.505,5.872999999999999,310651.0
2015-07-16,5.621,5.8629999999999995,5.0889999999999995,5.1080000000000005,224399.0
2015-07-17,5.997999999999999,6.0760000000000005,5.534,5.689,266779.0
2015-07-20,6.027,6.24,5.853,6.007999999999999,270249.0
2015-07-21,6.25,6.279,5.834,5.902,308600.0
2015-07-22,6.308,6.482,6.1339999999999995,6.202000000000001,323236.0
2015-07-23,6.608,6.617999999999999,6.24,6.308,381339.0
2015-07-24,6.569,6.84,6.395,6.608,510046.0
2015-07-27,5.9110000000000005,6.559,5.9110000000000005,6.3660000000000005,313298.0
2015-07-28,5.447,5.882000000000001,5.321000000000001,5.466,301731.0
2015-07-29,5.872999999999999,5.882000000000001,5.417999999999999,5.563,201314.0
2015-07-30,5.921,6.289,5.6979999999999995,5.7860000000000005,305799.0
2015-07-31,5.94,6.269,5.795,5.853,307493.0
2015-08-03,5.466,5.902,5.36,5.824,199282.0
2015-08-04,5.824,5.834,5.505,5.505,229132.0
2015-08-05,5.631,5.8629999999999995,5.563,5.795,192783.0
2015-08-06,5.524,5.631,5.417999999999999,5.476,123835.0
2015-08-07,5.727,5.747000000000001,5.5729999999999995,5.611000000000001,155223.0
2015-08-10,6.24,6.289,5.756,5.805,298439.0
2015-08-11,6.25,6.54,6.1339999999999995,6.192,391352.0
2015-08-12,6.879,6.879,6.056,6.114,807650.0
2015-08-13,7.566,7.566,6.752999999999999,6.85,1049847.0
2015-08-14,7.4110000000000005,8.224,7.303999999999999,7.566,998940.0
2015-08-17,7.4879999999999995,7.672000000000001,7.063,7.237,650571.0
2015-08-18,6.742999999999999,7.45,6.742999999999999,7.45,479903.0
2015-08-19,6.879,7.063,6.085,6.472,416644.0
2015-08-20,6.434,6.879,6.405,6.656000000000001,282829.0
2015-08-21,6.482,6.801,6.202000000000001,6.289,343808.0
2015-08-24,5.834,6.172999999999999,5.834,5.997999999999999,146159.0
2015-08-25,5.252999999999999,5.37,5.252999999999999,5.252999999999999,150909.0
2015-08-26,4.837,5.486000000000001,4.789,5.37,294075.0
2015-08-27,4.992,5.127999999999999,4.499,4.944,205349.0
2015-08-28,5.486000000000001,5.495,5.012,5.079,244483.0
2015-08-31,5.147,5.466,5.0889999999999995,5.466,200150.0
2015-09-01,4.721,5.176,4.692,5.176,181472.0
2015-09-02,4.537,4.905,4.412,4.499,117159.0
2015-09-07,4.654,4.8180000000000005,4.605,4.654,110148.0
2015-09-08,4.973,5.002,4.605,4.702,129604.0
2015-09-09,5.263,5.321000000000001,4.944,4.9830000000000005,208547.0
2015-09-10,5.021,5.205,5.002,5.147,148885.0
2015-09-11,5.252999999999999,5.282,4.9830000000000005,5.1080000000000005,166733.0
2015-09-14,4.731,5.37,4.731,5.292000000000001,171296.0
2015-09-15,4.2669999999999995,4.683,4.257,4.431,161893.0
2015-09-16,4.673,4.692,4.276,4.315,137399.0
2015-09-17,4.5760000000000005,4.934,4.489,4.6339999999999995,178106.0
2015-09-18,4.673,4.76,4.537,4.6339999999999995,111899.0
2015-09-21,4.8469999999999995,4.876,4.586,4.586,121195.0
2015-09-22,4.895,4.973,4.8180000000000005,4.8469999999999995,148089.0
2015-09-23,4.731,4.886,4.644,4.828,106649.0
2015-09-24,4.886,4.895,4.721,4.731,116459.0
2015-09-25,4.673,4.876,4.596,4.876,99810.0
2015-09-28,4.721,4.731,4.5760000000000005,4.702,55923.0
2015-09-29,4.654,4.702,4.567,4.6339999999999995,54919.0
2015-09-30,4.625,4.712,4.499,4.692,72239.0
2015-10-08,4.8180000000000005,4.915,4.712,4.779,90440.0
2015-10-09,4.886,4.905,4.76,4.808,101951.0
2015-10-12,5.1080000000000005,5.176,4.886,4.905,164675.0
2015-10-13,5.224,5.273,5.031000000000001,5.07,161308.0
2015-10-14,5.1370000000000005,5.321000000000001,5.099,5.205,137972.0
2015-10-15,5.399,5.428,5.079,5.118,233958.0
2015-10-16,5.466,5.495,5.282,5.417999999999999,204803.0
2015-10-19,5.331,5.466,5.273,5.466,178236.0
2015-10-20,5.388999999999999,5.4079999999999995,5.282,5.34,127022.0
2015-10-21,5.002,5.553,4.9239999999999995,5.417999999999999,252925.0
2015-10-22,5.205,5.224,4.973,5.041,132986.0
2015-10-23,5.5729999999999995,5.631,5.127999999999999,5.195,406355.0
2015-10-26,5.5729999999999995,5.678999999999999,5.388999999999999,5.621,288348.0
2015-10-27,5.689,6.018,5.205,5.505,305464.0
2015-10-28,5.5729999999999995,5.805,5.447,5.66,212604.0
2015-10-29,5.466,5.64,5.428,5.5729999999999995,201975.0
2015-10-30,5.437,5.563,5.331,5.466,184054.0
2015-11-02,5.3020000000000005,5.621,5.282,5.292000000000001,166053.0
2015-11-03,5.282,5.388999999999999,5.244,5.321000000000001,86321.0
2015-11-04,5.553,5.563,5.292000000000001,5.321000000000001,177862.0
2015-11-05,5.602,5.669,5.515,5.553,248050.0
2015-11-06,5.727,5.747000000000001,5.563,5.5920000000000005,211320.0
2015-11-09,6.047000000000001,6.114,5.5729999999999995,5.689,360536.0
2015-11-10,5.94,6.0760000000000005,5.824,6.056,284486.0
2015-11-11,5.997999999999999,6.085,5.921,5.979,175416.0
2015-11-12,5.8629999999999995,6.027,5.795,5.968999999999999,191475.0
2015-11-13,5.727,5.882000000000001,5.727,5.815,129758.0
2015-11-16,5.815,5.824,5.611000000000001,5.66,104406.0
2015-11-17,5.843999999999999,5.96,5.805,5.8629999999999995,166654.0
2015-11-18,5.8629999999999995,6.143,5.805,5.843999999999999,262716.0
2015-11-19,5.95,5.96,5.776,5.892,178305.0
2015-11-20,6.182,6.327000000000001,5.931,5.94,424843.0
2015-11-23,6.308,6.54,6.143,6.162999999999999,372954.0
2015-11-24,6.269,6.289,6.143,6.221,165747.0
2015-11-25,6.501,6.511,6.231,6.24,216340.0
2015-11-26,6.821000000000001,7.063,6.511,6.511,431148.0
2015-11-27,6.327000000000001,6.9079999999999995,6.192,6.811,312134.0
2015-11-30,6.434,6.579,6.056,6.289,209848.0
2015-12-01,6.705,6.966,6.337000000000001,6.337000000000001,319617.0
2015-12-02,6.627000000000001,6.792000000000001,6.318,6.705,182172.0
2015-12-03,6.879,7.005,6.559,6.627000000000001,253251.0
2015-12-04,7.072,7.295,6.821000000000001,6.83,468055.0
2015-12-07,7.45,7.74,7.053,7.053,761366.0
2015-12-08,7.45,7.614,7.227,7.256,641562.0
2015-12-09,7.285,7.507999999999999,7.15,7.4110000000000005,450798.0
2015-12-10,7.034,7.401,7.005,7.324,304779.0
2015-12-11,6.985,7.1979999999999995,6.801,6.946000000000001,171677.0
2015-12-14,7.188,7.1979999999999995,6.821000000000001,6.879,160735.0
2015-12-15,7.904,7.904,7.2170000000000005,7.2170000000000005,1106663.0
2015-12-16,7.952999999999999,8.049,7.74,7.846,1135018.0
2015-12-17,8.107000000000001,8.369,7.7589999999999995,7.914,1131940.0
2015-12-18,7.662000000000001,8.136000000000001,7.643,8.011000000000001,746754.0
2015-12-21,7.653,7.72,7.546,7.575,320091.0
2015-12-22,7.682,7.749,7.507999999999999,7.691,254647.0
2015-12-23,7.362,7.73,7.275,7.691,284381.0
2015-12-24,7.595,7.595,7.362,7.382000000000001,225274.0
2015-12-25,7.527,7.691,7.4110000000000005,7.643,150632.0
2015-12-28,7.053,7.546,7.034,7.527,221948.0
2015-12-29,7.188,7.207999999999999,6.792000000000001,7.053,203991.0
2015-12-30,7.546,7.653,7.13,7.169,414311.0
2015-12-31,7.44,7.72,7.256,7.43,346506.0
2016-01-04,6.695,7.353,6.695,7.353,173008.0
2016-01-05,7.362,7.362,6.124,6.124,522772.0
2016-01-06,7.527,7.632999999999999,7.15,7.303999999999999,643762.0
2016-01-07,6.772,7.362,6.772,7.353,102554.0
2016-01-08,6.742999999999999,7.101,6.143,6.869,412277.0
2016-01-11,6.066,6.608,6.066,6.452999999999999,231514.0
2016-01-12,5.65,6.153,5.515,6.066,261531.0
2016-01-13,5.0889999999999995,5.776,5.0889999999999995,5.669,224801.0
2016-01-14,5.215,5.3020000000000005,4.7989999999999995,4.8660000000000005,195005.0
2016-01-15,4.8660000000000005,5.292000000000001,4.8469999999999995,5.127999999999999,176349.0
2016-01-18,4.963,5.079,4.789,4.8469999999999995,129599.0
2016-01-19,5.252999999999999,5.311,4.992,5.05,189229.0
2016-01-20,5.215,5.37,5.0889999999999995,5.224,181995.0
2016-01-21,4.973,5.273,4.944,5.127999999999999,143968.0
2016-01-22,5.07,5.1080000000000005,4.876,5.041,114494.0
2016-01-25,5.118,5.205,5.031000000000001,5.1370000000000005,99891.0
2016-01-26,4.605,5.07,4.605,4.9830000000000005,140107.0
2016-01-27,4.5280000000000005,4.712,4.189,4.644,150461.0
2016-01-28,4.247,4.537,4.189,4.46,105376.0
2016-01-29,4.441,4.499,4.218,4.238,99382.0
2016-02-01,4.363,4.47,4.276,4.441,73804.0
2016-02-02,4.5760000000000005,4.625,4.354,4.373,113419.0
2016-02-03,4.7410000000000005,4.963,4.5760000000000005,4.644,165096.0
2016-02-04,4.76,4.789,4.692,4.702,118247.0
2016-02-05,4.683,4.8180000000000005,4.673,4.76,81384.0
2016-02-15,4.537,4.596,4.247,4.489,84984.0
2016-02-16,4.75,4.77,4.5569999999999995,4.5569999999999995,106599.0
2016-02-17,4.828,4.8469999999999995,4.721,4.75,115449.0
2016-02-18,4.837,4.9239999999999995,4.808,4.8660000000000005,129425.0
2016-02-19,4.828,4.876,4.76,4.7989999999999995,85043.0
2016-02-22,4.953,5.012,4.876,4.9830000000000005,142972.0
2016-02-23,5.215,5.3020000000000005,4.886,4.992,237470.0
2016-02-24,5.34,5.534,5.099,5.166,321445.0
2016-02-25,4.808,5.252999999999999,4.808,5.234,246683.0
2016-02-26,4.963,5.07,4.76,4.808,144948.0
2016-02-29,4.731,5.021,4.5280000000000005,4.934,142930.0
2016-03-01,4.9830000000000005,5.031000000000001,4.75,4.789,185388.0
2016-03-02,5.36,5.466,5.06,5.06,285362.0
2016-03-03,5.3020000000000005,5.553,5.263,5.3020000000000005,300731.0
2016-03-04,5.166,5.466,5.021,5.244,192980.0
2016-03-07,5.195,5.311,5.1080000000000005,5.176,130077.0
2016-03-08,5.186,5.224,4.8660000000000005,5.147,150066.0
2016-03-09,4.953,5.05,4.905,5.031000000000001,97732.0
2016-03-10,4.8180000000000005,5.021,4.7989999999999995,4.973,85801.0
2016-03-11,4.76,4.857,4.702,4.8180000000000005,66607.0
2016-03-14,4.915,4.973,4.789,4.789,95027.0
2016-03-15,4.915,5.002,4.8660000000000005,4.934,74358.0
2016-03-16,4.8469999999999995,4.992,4.7410000000000005,4.9239999999999995,63304.0
2016-03-17,4.963,4.992,4.828,4.886,89302.0
2016-03-18,5.252999999999999,5.263,4.973,4.992,161233.0
2016-03-21,5.524,5.582000000000001,5.195,5.3020000000000005,276341.0
2016-03-22,5.34,5.457000000000001,5.321000000000001,5.417999999999999,145490.0
2016-03-23,5.428,5.437,5.244,5.331,133128.0
2016-03-24,5.3020000000000005,5.553,5.252999999999999,5.35,177852.0
2016-03-25,5.36,5.388999999999999,5.234,5.292000000000001,96661.0
2016-03-28,5.215,5.399,5.127999999999999,5.331,132564.0
2016-03-29,5.021,5.215,5.002,5.166,110927.0
2016-03-30,5.234,5.263,5.06,5.079,93560.0
2016-03-31,5.321000000000001,5.37,5.244,5.244,126367.0
2016-04-01,5.3020000000000005,5.321000000000001,5.176,5.282,106679.0
2016-04-05,5.399,5.466,5.252999999999999,5.252999999999999,148246.0
2016-04-06,5.417999999999999,5.534,5.321000000000001,5.37,125720.0
2016-04-07,5.311,5.466,5.3020000000000005,5.437,108425.0
2016-04-08,5.252999999999999,5.3020000000000005,5.147,5.273,90297.0
2016-04-11,5.447,5.495,5.273,5.282,155052.0
2016-04-12,5.399,5.437,5.311,5.379,96670.0
2016-04-13,5.495,5.534,5.428,5.428,146040.0
2016-04-14,5.524,5.534,5.457000000000001,5.524,105682.0
2016-04-15,5.582000000000001,5.727,5.553,5.611000000000001,167037.0
2016-04-18,5.476,5.5729999999999995,5.417999999999999,5.5729999999999995,92769.0
2016-04-19,5.64,5.669,5.466,5.515,144513.0
2016-04-20,5.292000000000001,5.669,5.176,5.66,167717.0
2016-04-21,5.234,5.417999999999999,5.176,5.292000000000001,98309.0
2016-05-09,4.828,5.215,4.7410000000000005,5.215,160736.0
2016-05-10,4.673,4.8660000000000005,4.6339999999999995,4.789,124575.0
2016-05-11,4.615,4.712,4.596,4.702,70762.0
2016-05-12,4.5280000000000005,4.5569999999999995,4.354,4.5569999999999995,75895.0
2016-05-13,4.489,4.586,4.45,4.5280000000000005,57836.0
2016-05-16,4.5569999999999995,4.567,4.441,4.499,68555.0
2016-05-17,4.537,4.586,4.479,4.5569999999999995,56489.0
2016-05-18,4.3919999999999995,4.518,4.315,4.518,82146.0
2016-05-19,4.402,4.47,4.363,4.383,50237.0
2016-05-20,4.547,4.615,4.315,4.373,83878.0
2016-05-23,4.5569999999999995,4.586,4.499,4.518,66007.0
2016-05-24,4.479,4.5760000000000005,4.45,4.5569999999999995,48222.0
2016-05-25,4.489,4.537,4.431,4.499,46756.0
2016-05-26,4.47,4.508,4.354,4.508,39209.0
2016-05-27,4.5280000000000005,4.537,4.421,4.45,42318.0
2016-05-30,4.499,4.547,4.45,4.47,28775.0
2016-05-31,4.828,4.953,4.518,4.518,160680.0
2016-06-01,4.7989999999999995,4.857,4.7410000000000005,4.8180000000000005,102598.0
2016-06-02,4.779,4.7989999999999995,4.7410000000000005,4.7989999999999995,56120.0
2016-06-03,4.7989999999999995,4.8469999999999995,4.76,4.789,112388.0
2016-06-06,4.789,4.828,4.75,4.7989999999999995,71499.0
2016-06-07,4.7410000000000005,4.808,4.683,4.808,66871.0
2016-06-08,4.702,4.7410000000000005,4.673,4.7410000000000005,40176.0
2016-06-13,4.441,4.654,4.402,4.644,55803.0
2016-06-14,4.441,4.479,4.383,4.421,50528.0
2016-06-15,4.5760000000000005,4.625,4.373,4.402,60267.0
2016-06-16,4.537,4.596,4.489,4.5760000000000005,61385.0
2016-06-17,4.5760000000000005,4.6339999999999995,4.537,4.537,48948.0
2016-06-20,4.625,4.6339999999999995,4.537,4.5569999999999995,43200.0
2016-06-21,4.5760000000000005,4.712,4.5569999999999995,4.654,50222.0
2016-06-22,4.6339999999999995,4.644,4.547,4.5760000000000005,32594.0
2016-06-23,4.605,4.654,4.565,4.6339999999999995,41947.0
2016-06-24,4.5360000000000005,4.6339999999999995,4.437,4.615,52701.0
2016-06-27,4.624,4.6339999999999995,4.457,4.457,48306.0
2016-06-28,4.6739999999999995,4.6739999999999995,4.575,4.615,58464.0
2016-06-29,4.772,4.772,4.6739999999999995,4.683,75685.0
2016-06-30,4.772,4.811,4.723,4.752,46750.0
2016-07-01,4.742,4.821000000000001,4.723,4.752,52829.0
2016-07-04,4.831,4.861000000000001,4.683,4.723,79291.0
2016-07-05,4.91,4.92,4.821000000000001,4.831,61636.0
2016-07-06,4.949,5.008,4.88,4.9,79492.0
2016-07-07,4.959,4.998,4.9,4.939,76449.0
2016-07-08,4.87,4.959,4.851,4.959,54294.0
2016-07-11,4.87,4.939,4.851,4.87,61989.0
2016-07-12,4.92,4.928999999999999,4.821000000000001,4.861000000000001,50972.0
2016-07-13,4.979,5.018,4.9,4.92,66085.0
2016-07-14,5.0280000000000005,5.0280000000000005,4.968999999999999,4.988,60356.0
2016-07-15,4.979,5.038,4.968999999999999,5.008,43895.0
2016-07-18,4.959,5.008,4.928999999999999,4.998,30019.0
2016-07-19,4.939,4.949,4.89,4.939,40533.0
2016-07-20,4.968999999999999,5.018,4.928999999999999,4.939,49875.0
2016-07-21,4.979,5.0280000000000005,4.968999999999999,4.968999999999999,50721.0
2016-07-22,4.928999999999999,4.998,4.91,4.979,51084.0
2016-07-25,5.077,5.254,4.88,4.88,152939.0
2016-07-26,5.0569999999999995,5.106,4.998,5.038,87538.0
2016-07-27,4.762,5.067,4.7330000000000005,5.038,106698.0
2016-07-28,4.762,4.801,4.703,4.742,69859.0
2016-07-29,4.713,4.792,4.713,4.742,47713.0
2016-08-01,4.664,4.6930000000000005,4.595,4.6930000000000005,48624.0
2016-08-02,4.723,4.723,4.6339999999999995,4.664,29143.0
2016-08-03,4.811,4.851,4.703,4.723,49937.0
2016-08-04,4.88,4.9,4.752,4.801,52678.0
2016-08-05,4.9,5.018,4.831,4.88,82554.0
2016-08-08,4.998,5.038,4.841,4.88,75740.0
2016-08-09,4.988,5.038,4.949,4.979,56470.0
2016-08-10,4.939,5.038,4.928999999999999,4.968999999999999,59559.0
2016-08-11,4.841,4.949,4.841,4.939,40850.0
2016-08-12,5.018,5.018,4.841,4.87,99755.0
2016-08-15,5.1160000000000005,5.156000000000001,5.008,5.008,161782.0
2016-08-16,5.126,5.156000000000001,5.067,5.136,130852.0
2016-08-17,5.126,5.234,5.047,5.146,155339.0
2016-08-18,5.205,5.352,5.106,5.1160000000000005,207928.0
2016-08-19,5.1160000000000005,5.234,5.0969999999999995,5.195,110663.0
2016-08-22,5.087,5.205,5.0569999999999995,5.1160000000000005,99280.0
2016-08-23,5.106,5.185,5.067,5.0969999999999995,78219.0
2016-08-24,5.077,5.136,5.047,5.1160000000000005,65748.0
2016-08-25,5.0280000000000005,5.087,4.988,5.038,62775.0
2016-08-26,5.047,5.087,5.018,5.038,54255.0
2016-08-29,5.126,5.185,5.008,5.038,66699.0
2016-08-30,5.146,5.215,5.087,5.126,55291.0
2016-08-31,5.185,5.195,5.0969999999999995,5.156000000000001,82550.0
2016-09-01,5.0280000000000005,5.313,4.998,5.303,133911.0
2016-09-02,5.136,5.215,4.988,4.998,111317.0
2016-09-05,5.1160000000000005,5.166,5.067,5.146,57203.0
2016-09-06,5.146,5.156000000000001,5.038,5.0969999999999995,64166.0
2016-09-07,5.166,5.185,5.1160000000000005,5.136,73752.0
2016-09-08,5.254,5.284,5.1160000000000005,5.166,121739.0
2016-09-09,5.215,5.244,5.175,5.234,78758.0
2016-09-12,5.008,5.205,4.979,5.126,96817.0
2016-09-13,5.077,5.0969999999999995,5.008,5.018,55426.0
2016-09-14,5.1160000000000005,5.195,5.0280000000000005,5.047,76821.0
2016-09-19,5.185,5.234,5.067,5.106,105546.0
2016-09-20,5.156000000000001,5.175,5.1160000000000005,5.156000000000001,82339.0
2016-09-21,5.225,5.274,5.156000000000001,5.156000000000001,111413.0
2016-09-22,5.254,5.362,5.215,5.225,137239.0
2016-09-23,5.263999999999999,5.284,5.185,5.284,63463.0
2016-09-26,5.284,5.412000000000001,5.215,5.215,177400.0
2016-09-27,5.51,5.657,5.234,5.263999999999999,289869.0
2016-09-28,5.372000000000001,5.461,5.3229999999999995,5.461,170655.0
2016-09-29,5.382000000000001,5.402,5.284,5.343,106521.0
2016-09-30,5.362,5.402,5.303,5.352,89057.0
2016-10-10,5.195,5.343,5.106,5.3229999999999995,176476.0
2016-10-11,5.254,5.263999999999999,5.156000000000001,5.175,98291.0
2016-10-12,5.225,5.254,5.175,5.244,85224.0
2016-10-13,5.263999999999999,5.313,5.205,5.234,88713.0
2016-10-14,5.284,5.3229999999999995,5.225,5.244,74439.0
2016-10-17,5.225,5.3229999999999995,5.175,5.244,85164.0
2016-10-18,5.3229999999999995,5.332999999999999,5.195,5.225,103001.0
2016-10-19,5.274,5.382000000000001,5.263999999999999,5.292999999999999,76225.0
2016-10-20,5.274,5.343,5.263999999999999,5.263999999999999,71755.0
2016-10-21,5.234,5.313,5.195,5.254,60336.0
2016-10-24,5.292999999999999,5.313,5.195,5.234,69807.0
2016-10-25,5.303,5.332999999999999,5.274,5.292999999999999,50131.0
2016-10-26,5.372000000000001,5.392,5.284,5.313,113708.0
2016-10-27,5.3229999999999995,5.372000000000001,5.292999999999999,5.343,54942.0
2016-10-28,5.244,5.3229999999999995,5.225,5.303,60090.0
2016-10-31,5.166,5.234,5.106,5.215,64675.0
2016-11-01,5.263999999999999,5.274,5.166,5.175,63704.0
2016-11-02,5.263999999999999,5.303,5.215,5.244,50112.0
2016-11-03,5.303,5.332999999999999,5.234,5.244,55337.0
2016-11-04,5.332999999999999,5.412000000000001,5.274,5.274,67543.0
2016-11-07,5.292999999999999,5.343,5.254,5.303,57659.0
2016-11-08,5.343,5.352,5.303,5.313,63087.0
2016-11-09,5.372000000000001,5.412000000000001,5.254,5.352,92822.0
2016-11-10,5.431,5.4510000000000005,5.372000000000001,5.372000000000001,100803.0
2016-11-11,5.441,5.461,5.372000000000001,5.441,89204.0
2016-11-14,5.471,5.539,5.412000000000001,5.441,80651.0
2016-11-15,5.441,5.49,5.402,5.4510000000000005,73039.0
2016-11-16,5.48,5.539,5.372000000000001,5.372000000000001,86743.0
2016-11-17,5.539,5.579,5.412000000000001,5.431,117058.0
2016-11-18,5.471,5.657,5.461,5.52,87997.0
2016-11-21,5.569,5.598,5.441,5.461,113688.0
2016-11-22,5.756,5.815,5.579,5.627999999999999,207890.0
2016-11-23,5.608,5.736000000000001,5.569,5.7170000000000005,170868.0
2016-11-24,5.559,5.697,5.53,5.559,107758.0
2016-11-25,5.5,5.579,5.421,5.53,121297.0
2016-11-28,5.5489999999999995,5.5889999999999995,5.48,5.49,88680.0
2016-11-29,5.431,5.53,5.431,5.53,90925.0
2016-11-30,5.382000000000001,5.4510000000000005,5.352,5.441,76964.0
2016-12-01,5.441,5.471,5.352,5.382000000000001,65452.0
2016-12-02,5.292999999999999,5.461,5.274,5.4510000000000005,92806.0
2016-12-05,5.274,5.332999999999999,5.234,5.234,46530.0
2016-12-06,5.303,5.332999999999999,5.284,5.292999999999999,37489.0
2016-12-07,5.362,5.382000000000001,5.284,5.3229999999999995,42587.0
2016-12-08,5.313,5.382000000000001,5.303,5.362,37795.0
2016-12-09,5.313,5.3229999999999995,5.263999999999999,5.292999999999999,52462.0
2016-12-12,4.998,5.313,4.968999999999999,5.263999999999999,89655.0
2016-12-13,5.0280000000000005,5.047,4.949,5.008,44283.0
2016-12-14,4.998,5.067,4.979,4.988,45677.0
2016-12-15,5.106,5.1160000000000005,4.968999999999999,4.988,69698.0
2016-12-16,5.175,5.195,5.077,5.0969999999999995,40017.0
2016-12-19,5.1160000000000005,5.175,5.077,5.166,36032.0
2016-12-20,5.146,5.166,5.0969999999999995,5.1160000000000005,31331.0
2016-12-21,5.234,5.254,5.146,5.146,53698.0
2016-12-22,5.215,5.244,5.185,5.244,34305.0
2016-12-23,5.225,5.274,5.175,5.225,47626.0
2016-12-26,5.205,5.225,5.067,5.225,44333.0
2016-12-27,5.234,5.284,5.195,5.195,38653.0
2016-12-28,5.274,5.332999999999999,5.215,5.215,50349.0
2016-12-29,5.225,5.292999999999999,5.215,5.284,33047.0
2016-12-30,5.225,5.303,5.225,5.225,41006.0
2017-01-03,5.3229999999999995,5.352,5.225,5.225,78164.0
2017-01-04,5.332999999999999,5.352,5.292999999999999,5.343,50749.0
2017-01-05,5.382000000000001,5.412000000000001,5.313,5.332999999999999,44639.0
2017-01-06,5.332999999999999,5.402,5.3229999999999995,5.362,38419.0
2017-01-09,5.392,5.402,5.313,5.343,37403.0
2017-01-10,5.382000000000001,5.431,5.352,5.392,44469.0
2017-01-11,5.362,5.4510000000000005,5.3229999999999995,5.382000000000001,45748.0
2017-01-12,5.263999999999999,5.392,5.225,5.362,32467.0
2017-01-13,5.166,5.3229999999999995,5.146,5.263999999999999,56487.0
2017-01-16,5.008,5.195,4.831,5.136,51517.0
2017-01-17,5.0280000000000005,5.0569999999999995,4.89,4.998,50446.0
2017-01-18,5.0280000000000005,5.067,4.988,5.008,42165.0
2017-01-19,4.92,5.008,4.89,4.998,69169.0
2017-01-20,4.998,5.008,4.89,4.928999999999999,45000.0
2017-01-23,5.038,5.067,4.968999999999999,5.008,47182.0
2017-01-24,5.0569999999999995,5.067,4.998,5.0280000000000005,47940.0
2017-01-25,5.018,5.067,4.988,5.038,40915.0
2017-01-26,5.047,5.067,5.018,5.0280000000000005,27167.0
2017-02-03,5.0569999999999995,5.067,4.998,5.0569999999999995,42522.0
2017-02-06,5.0569999999999995,5.0569999999999995,4.979,5.047,51533.0
2017-02-07,5.067,5.087,5.038,5.047,50304.0
2017-02-08,5.1160000000000005,5.126,5.0280000000000005,5.067,48134.0
2017-02-09,5.146,5.175,5.0969999999999995,5.1160000000000005,43351.0
2017-02-10,5.185,5.215,5.136,5.136,50657.0
2017-02-13,5.215,5.225,5.156000000000001,5.175,38069.0
2017-02-14,5.166,5.225,5.136,5.225,41601.0
2017-02-15,5.195,5.234,5.146,5.166,49278.0
2017-02-16,5.421,5.7170000000000005,5.156000000000001,5.195,239984.0
2017-02-17,5.343,5.559,5.284,5.392,174526.0
2017-02-20,5.402,5.421,5.303,5.303,98185.0
2017-02-21,5.402,5.48,5.362,5.441,96320.0
2017-02-22,5.461,5.49,5.372000000000001,5.392,99355.0
2017-02-23,5.431,5.49,5.382000000000001,5.471,102037.0
2017-02-24,5.421,5.461,5.362,5.461,68260.0
2017-02-27,5.412000000000001,5.49,5.382000000000001,5.431,79268.0
2017-02-28,5.392,5.431,5.303,5.412000000000001,96089.0
2017-03-01,5.362,5.392,5.292999999999999,5.392,106016.0
2017-03-02,5.254,5.372000000000001,5.225,5.362,96410.0
2017-03-03,5.225,5.254,5.195,5.234,66813.0
2017-03-06,5.284,5.303,5.215,5.225,77852.0
2017-03-07,5.292999999999999,5.3229999999999995,5.263999999999999,5.274,70850.0
2017-03-08,5.292999999999999,5.372000000000001,5.274,5.303,85728.0
2017-03-09,5.263999999999999,5.303,5.244,5.284,46468.0
2017-03-10,5.313,5.372000000000001,5.263999999999999,5.284,74250.0
2017-03-13,5.402,5.5,5.372000000000001,5.402,212371.0
2017-03-14,5.52,5.53,5.402,5.431,278008.0
2017-03-15,5.5,5.579,5.4510000000000005,5.471,165203.0
2017-03-16,5.638,5.6770000000000005,5.5,5.5,230803.0
2017-03-17,5.569,5.667000000000001,5.53,5.648,149638.0
2017-03-20,5.52,5.617999999999999,5.471,5.559,135827.0
2017-03-21,5.559,5.579,5.49,5.5,84388.0
2017-03-22,5.5489999999999995,5.648,5.471,5.53,127453.0
2017-03-23,5.49,5.598,5.421,5.53,93258.0
2017-03-24,5.638,5.638,5.4510000000000005,5.461,151398.0
2017-03-27,5.5889999999999995,5.756,5.539,5.687,119336.0
2017-03-28,5.51,5.569,5.4510000000000005,5.559,84694.0
2017-03-29,5.569,5.756,5.431,5.49,188074.0
2017-03-30,5.343,5.598,5.3229999999999995,5.569,166965.0
2017-03-31,5.372000000000001,5.431,5.303,5.392,110193.0
2017-04-05,5.569,5.598,5.392,5.441,164736.0
2017-04-06,5.5489999999999995,5.598,5.52,5.569,104584.0
2017-04-07,5.657,5.687,5.51,5.53,149164.0
2017-04-10,5.687,5.756,5.579,5.648,203819.0
2017-04-11,5.697,5.7170000000000005,5.51,5.657,156044.0
2017-04-12,5.962000000000001,6.267,5.617999999999999,5.617999999999999,464816.0
2017-04-13,6.09,6.149,5.835,5.874,372146.0
2017-04-14,5.815,6.041,5.815,6.002000000000001,219306.0
2017-04-17,5.707000000000001,5.874,5.627999999999999,5.835,174024.0
2017-04-18,5.461,5.697,5.4510000000000005,5.608,185126.0
2017-04-19,5.303,5.48,5.225,5.392,165081.0
2017-04-20,5.343,5.382000000000001,5.215,5.292999999999999,114380.0
2017-04-21,5.263999999999999,5.372000000000001,5.244,5.343,59882.0
2017-04-24,4.928999999999999,5.263999999999999,4.92,5.263999999999999,137601.0
2017-04-25,5.008,5.047,4.928999999999999,4.939,84949.0
2017-04-26,4.979,5.018,4.949,4.998,55917.0
2017-04-27,4.979,5.018,4.742,4.979,87869.0
2017-04-28,5.018,5.038,4.939,4.939,54251.0
2017-05-02,4.959,5.0280000000000005,4.928999999999999,5.0280000000000005,72311.0
2017-05-03,4.949,5.018,4.928999999999999,4.979,47085.0
2017-05-04,4.87,4.959,4.772,4.959,58698.0
2017-05-05,4.801,4.88,4.782,4.851,49630.0
2017-05-08,4.575,4.752,4.496,4.723,85652.0
2017-05-09,4.615,4.6339999999999995,4.516,4.556,55540.0
2017-05-10,4.447,4.664,4.437,4.615,51513.0
2017-05-11,4.447,4.467,4.25,4.437,78925.0
2017-05-12,4.408,4.447,4.319,4.447,50417.0
2017-05-15,4.526,4.556,4.408,4.408,74051.0
2017-05-16,4.595,4.615,4.437,4.487,68799.0
2017-05-17,4.605,4.6930000000000005,4.585,4.595,55366.0
2017-05-18,4.585,4.644,4.516,4.575,47012.0
2017-05-19,4.565,4.615,4.546,4.556,34161.0
2017-05-22,4.418,4.595,4.408,4.546,61759.0
2017-05-23,4.28,4.428,4.28,4.428,47518.0
2017-05-24,4.349,4.369,4.1819999999999995,4.25,45612.0
2017-05-25,4.457,4.477,4.329,4.3389999999999995,54440.0
2017-05-26,4.457,4.487,4.428,4.457,32892.0
2017-05-31,4.506,4.605,4.487,4.5360000000000005,63000.0
2017-06-01,4.349,4.526,4.3,4.477,53892.0
2017-06-02,4.467,4.496,4.31,4.3389999999999995,66528.0
2017-06-05,4.516,4.546,4.428,4.467,59086.0
2017-06-06,4.5360000000000005,4.565,4.487,4.506,34951.0
2017-06-07,4.585,4.615,4.516,4.556,60027.0
2017-06-08,4.556,4.615,4.546,4.575,38367.0
2017-06-09,4.5360000000000005,4.556,4.467,4.556,40997.0
2017-06-12,4.428,4.516,4.418,4.506,49215.0
2017-06-13,4.506,4.516,4.418,4.418,38652.0
2017-06-14,4.506,4.5360000000000005,4.467,4.506,39121.0
2017-06-15,4.575,4.615,4.467,4.477,59295.0
2017-06-16,4.615,4.624,4.556,4.565,38330.0
2017-06-19,4.624,4.664,4.595,4.624,35891.0
2017-06-20,4.979,5.067,4.6739999999999995,4.6739999999999995,312958.0
2017-06-21,4.88,4.928999999999999,4.831,4.91,106349.0
2017-06-22,4.82,4.96,4.79,4.88,92831.0
2017-06-23,4.84,4.88,4.76,4.8,53971.0
2017-06-26,5.0,5.08,4.8,4.84,90648.0
2017-06-27,5.03,5.05,4.96,5.0,65453.0
2017-06-28,4.94,5.01,4.91,5.01,38019.0
2017-06-29,4.95,4.97,4.91,4.92,34519.0
2017-06-30,4.99,5.03,4.91,5.02,36857.0
2017-07-03,5.06,5.09,4.96,4.99,42391.0
2017-07-04,5.01,5.07,4.99,5.01,25473.0
2017-07-05,5.04,5.06,4.99,4.99,25892.0
2017-07-06,5.32,5.42,5.07,5.1,193782.0
2017-07-07,5.33,5.39,5.19,5.26,82890.0
2017-07-10,5.21,5.3,5.2,5.28,42135.0
2017-07-11,5.15,5.25,5.12,5.21,41672.0
2017-07-12,5.25,5.26,5.11,5.12,50808.0
2017-07-13,5.18,5.23,5.16,5.23,47080.0
2017-07-14,5.18,5.2,5.09,5.18,27792.0
2017-07-17,4.83,5.19,4.79,5.19,71586.0
2017-07-18,4.9,4.93,4.83,4.84,37659.0
2017-07-19,4.91,4.97,4.82,4.91,59623.0
2017-07-20,4.92,5.01,4.88,4.88,58332.0
2017-07-21,4.92,4.96,4.87,4.9,34786.0
2017-07-24,4.9,4.95,4.88,4.91,45107.0
2017-07-25,4.83,4.94,4.79,4.91,56804.0
2017-07-26,4.84,4.85,4.76,4.84,35649.0
2017-07-27,4.9,4.91,4.82,4.84,29275.0
2017-07-28,4.9,4.94,4.88,4.91,20274.0
2017-07-31,4.95,4.95,4.81,4.88,40467.0
2017-08-01,5.04,5.15,4.91,4.94,94411.0
2017-08-02,4.96,5.09,4.96,5.09,42368.0
2017-08-03,4.95,4.99,4.91,4.95,21553.0
2017-08-04,4.92,4.99,4.85,4.94,55394.0
2017-08-07,4.91,4.95,4.87,4.88,32093.0
2017-08-08,4.88,4.92,4.85,4.88,25246.0
2017-08-09,4.88,4.9,4.85,4.87,24130.0
2017-08-10,4.82,4.9,4.79,4.88,41567.0
2017-08-11,4.71,4.81,4.67,4.79,45757.0
2017-08-14,4.81,4.84,4.72,4.74,30763.0
2017-08-15,4.79,4.85,4.76,4.83,22333.0
2017-08-16,4.76,4.81,4.7,4.77,29701.0
2017-08-17,4.82,4.82,4.74,4.76,25536.0
2017-08-18,4.85,4.9,4.77,4.78,38348.0
2017-08-21,4.91,4.92,4.88,4.91,30673.0
2017-08-22,4.85,4.91,4.83,4.91,18361.0
2017-08-23,4.85,4.88,4.82,4.85,19571.0
2017-08-24,4.87,4.96,4.86,4.91,53969.0
2017-08-25,5.03,5.05,4.82,4.89,115987.0
2017-08-28,5.03,5.15,5.0,5.06,86911.0
2017-08-29,5.01,5.06,4.96,5.03,44894.0
2017-08-30,5.11,5.33,5.06,5.1,146616.0
2017-08-31,5.08,5.1,5.03,5.04,56776.0
2017-09-01,5.09,5.13,5.06,5.07,56318.0
2017-09-04,5.1,5.12,5.04,5.08,52394.0
2017-09-05,5.12,5.15,5.08,5.09,39874.0
2017-09-06,5.06,5.13,5.05,5.12,37538.0
