date,close,high,low,open,volume
2016-12-16,10.770,10.770,10.770,10.770,264.000
2016-12-19,11.845,11.845,11.845,11.845,103.000
2016-12-20,13.027,13.027,13.027,13.027,194.000
2016-12-21,14.330,14.330,14.330,14.330,92.000
2016-12-22,15.764,15.764,15.764,15.764,337.000
2016-12-23,17.344,17.344,17.344,17.344,695.000
2016-12-26,19.080,19.080,19.080,19.080,3353.000
2016-12-27,20.986,20.986,20.986,20.986,5400.000
2016-12-28,21.581,23.088,21.556,23.088,337988.000
2016-12-29,19.748,20.595,19.544,19.951,208563.000
2016-12-30,19.609,20.530,19.536,19.642,131329.000
2017-01-03,20.603,21.010,19.520,19.536,172185.000
2017-01-04,20.041,20.432,19.894,20.326,132728.000
2017-01-05,19.308,20.057,19.145,19.788,117513.000
2017-01-06,18.045,19.226,17.923,19.153,106991.000
2017-01-09,18.053,18.314,17.801,17.882,62956.000
2017-01-10,17.735,18.208,17.695,17.923,54143.000
2017-01-11,17.165,17.760,17.124,17.760,69562.000
2017-01-12,16.391,17.255,16.351,17.116,68065.000
2017-01-13,15.935,16.473,15.723,16.375,76339.000
2017-01-16,15.935,16.351,15.071,15.772,83291.000
2017-01-17,16.546,16.823,15.397,15.520,89557.000
2017-01-18,16.155,16.448,16.074,16.310,52889.000
2017-01-19,16.318,16.603,15.682,16.008,62914.000
2017-01-20,16.546,16.864,16.196,16.212,53414.000
2017-01-23,16.676,16.986,16.546,16.546,40151.000
2017-01-24,16.261,16.701,16.228,16.693,58715.000
2017-01-25,16.693,16.994,16.196,16.220,63216.000
2017-01-26,17.100,17.206,16.701,16.831,47504.000
2017-02-03,17.849,18.208,16.880,17.100,73047.000
2017-02-06,19.137,19.186,17.898,17.898,120537.000
2017-02-07,18.591,18.933,18.330,18.900,87033.000
2017-02-08,18.558,18.705,18.094,18.428,72596.000
2017-02-09,18.143,18.640,18.086,18.452,72546.000
2017-02-10,17.613,18.412,17.524,18.192,72965.000
2017-02-13,18.029,18.200,17.418,17.556,66504.000
2017-02-14,18.428,18.558,17.841,18.126,78497.000
2017-02-15,18.697,19.674,18.330,18.436,150802.000
2017-02-16,18.322,18.689,18.012,18.444,73761.000
2017-02-17,18.917,19.454,18.175,18.330,130381.000
2017-02-20,18.803,19.063,18.281,18.737,76777.000
2017-02-21,19.731,19.935,18.607,18.721,154152.000
2017-02-22,19.316,19.691,19.072,19.552,104390.000
2017-02-23,19.617,19.650,18.778,19.243,119486.000
2017-02-24,20.033,20.326,19.357,19.406,171625.000
2017-02-27,19.520,20.351,19.479,19.878,103885.000
2017-02-28,19.585,19.658,19.072,19.389,77052.000
2017-03-01,19.332,20.326,19.291,19.959,84036.000
2017-03-02,19.666,20.000,19.129,19.218,94585.000
2017-03-03,19.381,19.625,19.291,19.577,49394.000
2017-03-06,19.797,19.878,19.357,19.406,62724.000
2017-03-07,21.776,21.776,19.756,19.756,267903.000
2017-03-08,21.426,22.102,21.255,21.768,200274.000
2017-03-09,21.019,21.344,20.611,21.214,116802.000
2017-03-10,20.652,21.173,20.513,21.019,87137.000
2017-03-13,22.721,22.721,20.098,20.465,153712.000
2017-03-14,22.680,23.935,22.566,23.463,249014.000
2017-03-15,24.074,24.399,22.249,22.404,229027.000
2017-03-16,24.489,25.499,23.528,23.626,216567.000
2017-03-17,22.542,24.359,22.241,23.911,202642.000
2017-03-20,23.063,23.202,22.192,22.795,95488.000
2017-03-21,23.951,24.163,22.721,22.949,135241.000
2017-03-22,23.862,24.155,23.389,23.568,108662.000
2017-03-23,23.373,24.033,22.469,23.748,101399.000
2017-03-24,23.479,23.845,23.023,23.234,63155.000
2017-03-27,23.063,23.854,22.982,23.528,51519.000
2017-03-28,22.501,23.365,22.412,23.015,57420.000
2017-03-29,20.570,22.640,20.489,22.306,114191.000
2017-03-30,19.683,20.693,19.414,20.587,81326.000
2017-03-31,19.707,20.204,19.389,19.666,43682.000
2017-04-05,21.678,21.678,20.774,21.678,110823.000
2017-04-06,22.485,23.397,22.053,22.387,159193.000
2017-04-07,23.577,24.098,21.654,22.151,174936.000
2017-04-10,23.837,25.467,23.153,23.626,224724.000
2017-04-11,23.055,24.342,21.850,24.114,194750.000
2017-04-12,20.750,22.265,20.750,21.996,120274.000
2017-04-13,20.986,21.589,20.367,20.685,65261.000
2017-04-14,20.228,21.010,20.098,20.489,56610.000
2017-04-17,18.395,19.821,18.216,18.900,77020.000
2017-04-18,18.713,18.982,18.175,18.175,51682.000
2017-04-19,19.300,19.406,17.923,18.860,54691.000
2017-04-20,18.680,19.348,18.200,19.194,46756.000
2017-04-21,18.224,18.974,18.167,18.656,30610.000
2017-04-24,16.962,18.395,16.782,18.232,45067.000
2017-04-25,17.353,17.654,16.994,17.238,35974.000
2017-04-26,17.630,17.678,17.027,17.312,41972.000
2017-04-27,18.721,19.145,17.524,17.719,75009.000
2017-04-28,19.006,19.373,18.289,18.330,65170.000
2017-05-02,19.080,19.348,18.566,18.860,53174.000
2017-05-03,19.210,20.082,18.746,18.925,71179.000
2017-05-04,19.072,19.878,18.705,18.892,69061.000
2017-05-05,18.746,19.430,18.729,18.746,44919.000
2017-05-08,17.344,18.917,17.271,18.811,53084.000
2017-05-09,17.662,17.719,17.116,17.116,35495.000
2017-05-10,17.035,18.004,16.864,17.711,45855.000
2017-05-11,17.564,17.630,16.636,16.888,40303.000
2017-05-12,18.868,19.324,17.450,17.548,96205.000
2017-05-15,19.650,20.155,18.900,19.226,110265.000
2017-05-16,20.111,20.144,18.997,19.451,107322.000
2017-05-17,20.235,21.612,20.169,20.524,139368.000
2017-05-18,19.476,20.581,19.286,19.756,79544.000
2017-05-19,19.946,20.020,19.311,19.426,63971.000
2017-05-22,19.987,21.942,19.963,21.942,145569.000
2017-05-23,17.991,19.534,17.991,19.121,100256.000
2017-05-24,19.789,19.789,17.826,18.189,71024.000
2017-05-25,21.769,21.769,20.788,20.953,246835.000
2017-05-26,23.947,23.947,22.965,23.097,340453.000
2017-05-31,23.345,24.747,22.281,24.665,320280.000
2017-06-01,22.396,24.227,22.190,23.097,273049.000
2017-06-02,22.677,23.015,20.301,21.117,218988.000
2017-06-05,21.579,23.056,21.447,22.602,215895.000
2017-06-06,21.513,21.662,20.210,21.076,185906.000
2017-06-07,23.666,23.666,21.216,21.282,253231.000
2017-06-08,22.891,23.930,22.685,23.922,216539.000
2017-06-09,22.289,22.850,21.414,22.850,174689.000
2017-06-12,21.893,22.231,21.555,21.736,99007.000
2017-06-13,21.926,22.421,21.571,21.571,99786.000
2017-06-14,20.994,22.140,20.598,21.885,141931.000
2017-06-15,20.977,21.439,20.771,20.903,90661.000
2017-06-16,21.134,21.439,20.796,20.953,88579.000
2017-06-19,21.027,21.555,20.878,21.324,68000.000
2017-06-20,21.192,21.423,20.920,20.953,79267.000
2017-06-21,20.969,21.200,20.623,21.200,68930.000
2017-06-22,19.905,21.175,19.880,20.862,96176.000
2017-06-23,19.558,19.897,19.220,19.798,63146.000
2017-06-26,19.954,20.169,19.303,19.509,46823.000
2017-06-27,19.822,20.202,19.707,19.798,37673.000
2017-06-28,19.311,19.897,19.014,19.897,39992.000
2017-06-29,19.261,19.567,19.245,19.303,27853.000
2017-06-30,19.039,19.377,18.857,19.261,33454.000
2017-07-03,19.278,19.336,19.022,19.080,26622.000
2017-07-04,19.484,19.748,19.261,19.278,37184.000
2017-07-05,19.418,19.484,19.088,19.360,33338.000
2017-07-06,19.542,19.600,19.096,19.509,41256.000
2017-07-07,19.872,20.161,19.385,19.476,73284.000
2017-07-10,19.146,19.723,19.105,19.567,48751.000
2017-07-11,18.354,19.443,18.338,19.080,38955.000
2017-07-12,18.899,18.932,17.570,18.354,61134.000
2017-07-13,18.569,18.874,18.354,18.783,28798.000
2017-07-14,18.428,18.709,18.395,18.602,22878.000
2017-07-17,16.820,18.395,16.647,18.395,48265.000
2017-07-18,17.207,17.282,16.498,16.812,31012.000
2017-07-19,17.191,17.298,16.704,17.158,24204.000
2017-07-20,17.166,17.653,16.968,17.158,27145.000
2017-07-21,16.943,17.339,16.919,17.240,23289.000
2017-07-24,17.051,17.117,16.663,16.911,29587.000
2017-07-25,16.836,17.141,16.721,16.976,20946.000
2017-07-26,16.721,16.960,16.663,16.845,19560.000
2017-07-27,17.084,17.125,16.581,16.589,29571.000
2017-07-28,16.836,17.108,16.812,16.976,22095.000
2017-07-31,16.762,16.976,16.663,16.746,17039.000
2017-08-01,17.199,17.282,16.671,16.770,45961.000
2017-08-02,18.923,18.923,17.117,17.315,117174.000
2017-08-03,18.569,19.748,18.503,19.047,121440.000
2017-08-04,18.123,18.725,18.032,18.626,57379.000
2017-08-07,18.016,18.643,17.917,18.123,41491.000
2017-08-08,18.527,18.874,18.065,18.296,50575.000
2017-08-09,18.346,18.808,18.090,18.404,42461.000
2017-08-10,17.810,18.420,17.579,18.156,39433.000
2017-08-11,18.173,18.717,17.587,17.653,56754.000
2017-08-14,18.750,18.800,18.230,18.230,62218.000
2017-08-15,18.544,19.014,18.453,18.874,52334.000
2017-08-16,18.428,18.610,18.247,18.379,35547.000
2017-08-17,18.602,18.676,18.164,18.395,37843.000
2017-08-18,18.610,19.022,18.395,18.478,53257.000
2017-08-21,18.684,18.734,18.329,18.610,33067.000
2017-08-22,18.296,18.742,18.239,18.676,29645.000
2017-08-23,17.933,18.362,17.777,18.222,35538.000
2017-08-24,18.074,18.428,17.801,17.801,35019.000
2017-08-25,18.321,18.519,17.909,18.131,35371.000
2017-08-28,18.824,19.451,18.288,18.643,77158.000
2017-08-29,19.360,19.385,18.544,18.560,106778.000
2017-08-30,18.965,19.377,18.899,19.261,67196.000
2017-08-31,19.187,19.294,18.775,18.874,52924.000
2017-09-01,19.542,20.029,18.989,19.278,80845.000
2017-09-04,19.105,19.550,19.039,19.550,53774.000
2017-09-05,19.014,19.138,18.841,18.981,35037.000
2017-09-06,18.783,19.096,18.709,18.997,33449.000
2017-09-07,19.220,19.633,18.775,18.808,84018.000
2017-09-08,18.882,19.171,18.767,19.006,43333.000
2017-09-11,18.965,19.030,18.783,18.824,28449.000
2017-09-12,18.610,19.171,18.585,19.096,35828.000
2017-09-13,18.701,18.866,18.486,18.503,21911.000
2017-09-14,18.346,18.758,18.272,18.618,31333.000
2017-09-15,18.280,18.437,18.230,18.420,19058.000
2017-09-18,18.107,18.272,17.884,18.206,21297.000
2017-09-19,18.263,18.371,18.090,18.090,19820.000
2017-09-20,18.354,18.519,18.032,18.329,22435.000
2017-09-21,17.917,18.387,17.909,18.288,21030.000
2017-09-22,17.892,18.032,17.834,17.925,14838.000
2017-09-25,17.752,18.074,17.735,17.950,11622.000
2017-09-26,17.372,17.727,17.174,17.612,23719.000
2017-09-27,17.562,17.595,17.339,17.463,12883.000
2017-09-28,17.521,17.867,17.471,17.529,17053.000
2017-09-29,17.810,17.851,17.496,17.496,15681.000
2017-10-09,17.892,18.148,17.801,18.131,13065.000
2017-10-10,18.074,18.107,17.884,17.884,13477.000
2017-10-11,17.735,18.065,17.719,18.041,19376.000
2017-10-12,17.422,17.785,17.323,17.785,18999.000
2017-10-13,17.892,17.983,17.356,17.422,23749.000
2017-10-16,17.430,18.107,17.323,17.983,22049.000
2017-10-17,17.438,17.653,17.282,17.447,11650.000
2017-10-18,17.372,17.735,17.240,17.438,15613.000
2017-10-19,16.886,17.463,16.820,17.438,21265.000
2017-10-20,17.059,17.117,16.853,16.968,9200.000
2017-10-23,17.562,17.884,17.001,17.158,28655.000
2017-10-24,17.265,17.414,17.009,17.323,18104.000
2017-10-25,17.339,17.405,17.108,17.273,11915.000
2017-10-26,17.389,17.438,17.133,17.240,16655.000
2017-10-27,17.480,17.537,17.282,17.323,19374.000
2017-10-30,17.009,17.430,16.911,17.389,17954.000
2017-10-31,17.108,17.133,16.795,17.009,9670.000
2017-11-01,17.075,17.224,17.001,17.067,10169.000
2017-11-02,17.150,17.471,17.059,17.117,16680.000
2017-11-03,17.504,17.620,17.207,17.290,30977.000
2017-11-06,17.529,17.744,17.331,17.694,20075.000
2017-11-07,17.331,17.521,17.166,17.422,23167.000
2017-11-08,17.257,17.447,17.183,17.224,15527.000
2017-11-09,17.240,17.389,17.133,17.265,13198.000
2017-11-10,17.075,17.348,16.993,17.191,15380.000
2017-11-13,17.009,17.158,16.976,17.026,13728.000
2017-11-14,16.878,17.084,16.812,17.009,21391.000
2017-11-15,16.737,16.935,16.721,16.795,14488.000
2017-11-16,16.572,16.828,16.556,16.630,11455.000
2017-11-17,15.558,16.746,15.343,16.704,30037.000
2017-11-20,15.615,15.706,14.988,15.541,13564.000
2017-11-21,15.434,15.822,15.302,15.591,11717.000
2017-11-22,15.335,15.558,15.277,15.475,11325.000
2017-11-23,14.659,15.343,14.518,15.343,20607.000
2017-11-24,14.955,14.988,14.436,14.601,18063.000
2017-11-27,15.409,15.673,14.865,14.931,20345.000
2017-11-28,15.500,15.549,15.186,15.302,10801.000
2017-11-29,15.657,15.673,15.351,15.492,12710.000
2017-11-30,15.541,15.805,15.533,15.648,9029.000
2017-12-01,15.615,15.756,15.467,15.533,8848.000
2017-12-04,15.285,15.574,15.046,15.574,10510.000
2017-12-05,14.716,15.384,14.601,15.384,10714.000
2017-12-06,15.269,15.310,14.683,14.741,9830.000
2017-12-07,15.294,15.574,15.096,15.574,12638.000
2017-12-08,15.706,15.747,15.244,15.261,17394.000
2017-12-11,16.069,16.086,15.731,15.797,14979.000
2017-12-12,16.020,16.878,15.921,16.581,108486.000
2017-12-13,15.351,15.615,14.873,15.599,45391.000
2017-12-14,15.046,15.203,14.931,15.178,26310.000
2017-12-15,15.104,15.310,14.889,15.054,23624.000
2017-12-18,14.799,15.038,14.667,15.030,15985.000
2017-12-19,14.824,14.873,14.749,14.758,9679.000
2017-12-20,14.659,14.914,14.609,14.840,10390.000
2017-12-21,14.560,14.683,14.444,14.683,12863.000
2017-12-22,14.551,14.593,14.477,14.576,7763.000
2017-12-25,14.700,14.766,14.329,14.436,13088.000
2017-12-26,14.782,14.840,14.683,14.840,8757.000
2017-12-27,14.568,14.791,14.518,14.791,14785.000
2017-12-28,14.659,14.766,14.609,14.683,10592.000
2017-12-29,14.634,14.716,14.485,14.485,6288.000
2018-01-02,14.749,14.848,14.568,14.568,7683.000
2018-01-03,15.376,15.665,14.824,14.840,42728.000
2018-01-04,15.054,15.533,15.013,15.335,26776.000
2018-01-05,14.939,15.054,14.782,14.972,15227.000
2018-01-08,14.791,14.955,14.774,14.815,10239.000
2018-01-09,14.856,15.013,14.791,14.889,10116.000
2018-01-10,14.650,14.873,14.527,14.708,11864.000
2018-01-11,14.683,14.749,14.461,14.650,7661.000
2018-01-12,14.527,14.774,14.510,14.725,7613.000
2018-01-15,14.098,14.741,14.032,14.560,11667.000
2018-01-16,14.296,14.329,14.023,14.023,9074.000
2018-01-17,15.723,15.723,15.005,15.137,74757.000
2018-01-19,15.038,16.482,14.980,16.094,79038.000
2018-01-22,14.675,15.038,14.287,14.865,37548.000
2018-01-23,14.477,14.667,14.419,14.593,20773.000
2018-01-24,14.494,14.659,14.452,14.551,20991.000
2018-01-25,14.370,14.584,14.337,14.395,17775.000
2018-01-26,14.477,14.494,14.312,14.312,10596.000
2018-01-29,14.296,14.518,14.221,14.395,13117.000
2018-01-30,14.263,14.395,14.254,14.263,6233.000
2018-01-31,13.924,14.337,13.817,14.271,15942.000
2018-02-01,13.487,14.098,13.479,13.924,12748.000
2018-02-02,13.421,13.784,12.918,13.363,11641.000
2018-02-05,13.231,13.405,13.033,13.405,4618.000
2018-02-06,12.671,13.314,12.662,13.124,12763.000
2018-02-07,12.687,13.075,12.374,12.868,6703.000
2018-02-08,12.844,12.951,12.563,12.687,6136.000
2018-02-09,12.497,12.638,12.374,12.390,6999.000
2018-02-12,12.704,12.745,12.506,12.695,4970.000
2018-02-13,12.662,13.009,12.621,12.704,4114.000
2018-02-14,12.522,12.737,12.497,12.687,3705.000
2018-02-22,12.802,12.860,12.580,12.695,5474.000
2018-02-23,13.825,14.081,13.033,13.108,47471.000
2018-02-26,13.891,13.916,13.322,13.652,36020.000
2018-02-27,13.603,13.759,13.528,13.743,16712.000
2018-02-28,13.586,13.908,13.429,13.462,13974.000
2018-03-01,13.611,13.702,13.281,13.561,9810.000
2018-03-02,13.421,13.636,13.322,13.520,11718.000
2018-03-05,13.487,13.545,13.421,13.528,6623.000
2018-03-06,13.644,13.652,13.372,13.603,11688.000
2018-03-07,13.421,13.669,13.380,13.627,10548.000
2018-03-08,13.966,14.155,13.380,13.421,34637.000
2018-03-09,13.900,14.436,13.801,13.974,27889.000
2018-03-12,13.933,13.966,13.776,13.858,17124.000
2018-03-13,13.768,13.883,13.735,13.735,13108.000
2018-03-14,13.578,13.817,13.545,13.759,11036.000
2018-03-15,13.289,13.586,13.116,13.586,15284.000
2018-03-16,13.240,13.355,13.223,13.248,5910.000
2018-03-19,13.339,13.438,13.231,13.231,5618.000
2018-03-20,13.487,13.512,13.108,13.281,9268.000
2018-03-21,13.347,13.586,13.289,13.487,9067.000
2018-03-22,13.306,13.512,13.215,13.339,6870.000
2018-03-23,12.934,13.099,12.671,12.671,18353.000
2018-03-26,13.273,13.289,12.629,12.712,12304.000
2018-03-27,13.421,13.471,13.314,13.429,7621.000
2018-03-28,13.652,13.858,13.248,13.281,15899.000
2018-03-29,13.792,13.875,13.495,13.735,17348.000
2018-03-30,13.875,14.419,13.784,13.825,33900.000
2018-04-02,13.619,13.834,13.495,13.792,16905.000
2018-04-03,13.380,13.446,13.306,13.347,9317.000
2018-04-04,13.471,13.751,13.347,13.380,12199.000
2018-04-09,13.429,13.553,13.198,13.330,8035.000
2018-04-10,13.578,13.627,13.372,13.372,10144.000
2018-04-11,13.702,13.735,13.512,13.586,14120.000
2018-04-12,13.669,13.817,13.652,13.693,17091.000
2018-04-13,13.561,13.768,13.537,13.685,11271.000
2018-04-16,13.355,13.504,13.273,13.273,10052.000
2018-04-17,13.091,13.545,13.050,13.438,9884.000
2018-04-18,13.231,13.297,12.827,13.099,8443.000
2018-04-19,13.314,13.545,13.248,13.413,10647.000
2018-04-20,13.124,13.363,13.075,13.314,6739.000
2018-04-23,13.355,14.155,13.330,13.611,28022.000
2018-04-24,13.487,13.520,12.827,13.132,18396.000
2018-04-25,13.347,13.471,13.314,13.330,8808.000
2018-04-26,13.091,13.594,13.075,13.355,10232.000
2018-04-27,13.058,13.240,13.033,13.099,7106.000
2018-05-02,12.992,13.264,12.910,13.116,6935.000
2018-05-03,13.190,13.273,12.910,13.025,7072.000
2018-05-04,13.083,13.207,12.992,13.066,5058.000
2018-05-07,13.215,13.273,13.009,13.083,7996.000
2018-05-08,13.421,13.429,13.149,13.215,11941.000
2018-05-09,13.520,13.553,13.380,13.405,14778.000
2018-05-10,13.561,13.611,13.454,13.578,13194.000
2018-05-11,13.355,13.603,13.248,13.578,9794.000
2018-05-14,13.388,13.520,13.322,13.363,7597.000
2018-05-15,13.528,13.561,13.306,13.429,10472.000
2018-05-16,13.438,13.586,13.388,13.528,10959.000
2018-05-17,13.660,13.685,13.438,13.438,18024.000
2018-05-18,13.809,13.982,13.528,13.669,24164.000
2018-05-21,13.990,14.056,13.768,13.974,29044.000
2018-05-22,14.147,14.205,13.891,14.048,26910.000
2018-05-23,13.924,14.238,13.900,14.032,18859.000
2018-05-24,14.114,14.395,13.949,13.990,20384.000
2018-05-25,14.188,14.362,13.990,13.990,17434.000
2018-05-28,13.949,14.395,13.751,14.180,21881.000
2018-05-29,14.089,15.219,13.949,14.386,47984.000
2018-05-30,13.347,13.611,12.959,13.578,31063.000
2018-05-31,13.405,13.520,13.339,13.347,16717.000
2018-06-01,13.438,13.512,13.248,13.487,9205.000
2018-06-04,13.330,13.487,13.314,13.363,7666.000
2018-06-05,13.454,13.462,13.322,13.330,8020.000
2018-06-06,13.388,13.446,13.347,13.405,7718.000
2018-06-07,13.372,13.586,13.355,13.570,6709.000
2018-06-08,13.314,13.372,13.083,13.347,8415.000
2018-06-11,13.157,13.240,13.083,13.198,5851.000
2018-06-12,13.215,13.231,12.951,13.157,5313.000
2018-06-13,13.099,13.289,13.058,13.289,6449.000
2018-06-14,13.042,13.223,12.951,13.075,3162.000
2018-06-15,12.835,13.099,12.786,13.099,7489.000
2018-06-19,12.110,12.770,11.771,12.770,15074.000
2018-06-20,13.040,13.213,11.844,12.108,14208.000
2018-06-21,12.510,13.100,12.500,12.720,5606.000
2018-06-22,12.500,12.700,12.270,12.390,4864.000
2018-06-25,12.400,12.850,12.290,12.510,4464.800
2018-06-26,12.380,12.500,12.100,12.300,5270.600
2018-06-27,12.220,12.400,12.200,12.370,2939.800
2018-06-28,11.930,12.310,11.890,12.180,3510.000
2018-06-29,12.220,12.320,11.880,11.910,7724.400
2018-07-02,12.000,12.380,11.900,12.100,4571.700
2018-07-03,12.110,12.130,11.910,11.910,6027.680
2018-07-04,12.130,12.370,11.950,12.150,6465.800
2018-07-05,11.760,12.170,11.700,12.000,5605.000
2018-07-06,11.680,11.960,11.410,11.800,6285.000
2018-07-09,11.830,11.840,11.600,11.600,5359.000
2018-07-10,11.980,11.990,11.800,11.820,4228.000
2018-07-11,11.490,11.980,11.410,11.980,6417.600
2018-07-12,11.780,12.000,11.510,11.510,5541.000
2018-07-13,11.750,11.890,11.670,11.780,5212.800
2018-07-16,11.770,11.970,11.630,11.970,3552.400
2018-07-17,11.740,11.900,11.680,11.700,2840.800
2018-07-18,12.160,12.280,11.750,11.770,18228.000
2018-07-19,12.470,12.560,12.120,12.390,23194.000
2018-07-20,12.470,12.510,12.230,12.490,10113.200
2018-07-23,12.460,12.790,12.340,12.790,9178.600
2018-07-24,12.600,12.680,12.410,12.610,10036.010
2018-07-25,12.600,12.760,12.390,12.610,11189.690
2018-07-26,12.530,12.750,12.440,12.460,6652.230
2018-07-27,12.540,12.710,12.530,12.640,6163.600
2018-07-30,12.320,12.530,12.310,12.530,4283.700
2018-07-31,12.320,12.370,12.220,12.250,4590.030
2018-08-01,12.490,12.570,12.250,12.370,6342.610
2018-08-02,12.420,13.620,12.040,13.110,26099.010
2018-08-03,11.690,12.070,11.620,12.040,18385.800
2018-08-06,11.890,12.400,11.050,11.680,11445.400
2018-08-07,12.000,12.020,11.400,11.610,9538.800
2018-08-08,11.790,11.960,11.700,11.810,6111.800
2018-08-09,11.860,12.030,11.690,11.800,8040.600
2018-08-10,11.930,12.110,11.400,11.400,14968.600
2018-08-13,11.840,11.860,11.680,11.850,6896.000
2018-08-14,11.820,11.980,11.770,11.830,2672.200
2018-08-15,11.770,11.990,11.760,11.940,4697.600
2018-08-16,11.630,11.820,11.620,11.740,3407.600
2018-08-17,11.530,11.770,11.500,11.630,3168.800
2018-08-20,11.660,11.990,10.550,11.530,16413.540
2018-08-21,11.490,11.560,11.160,11.340,5615.230
2018-08-22,11.500,11.590,11.070,11.420,5200.110
2018-08-23,11.530,11.540,11.250,11.250,4058.700
2018-08-24,11.450,11.650,11.450,11.650,2298.000
2018-08-27,11.530,11.590,11.330,11.330,3510.600
2018-08-28,11.520,11.590,11.450,11.530,3775.000
2018-08-29,11.650,11.710,11.520,11.520,5783.000
2018-08-30,11.380,11.700,11.360,11.700,3654.140
2018-08-31,11.230,11.420,10.930,11.110,7523.030
2018-09-03,10.970,11.160,10.810,11.160,5038.000
2018-09-04,10.930,11.150,10.730,10.850,2213.000
2018-09-05,10.900,11.050,10.780,10.850,4199.000
2018-09-06,10.520,10.970,10.510,10.900,8519.000
2018-09-07,10.350,10.620,10.320,10.430,10658.000
2018-09-10,9.930,10.330,9.930,10.330,6784.000
2018-09-11,10.010,10.080,9.880,9.970,4745.400
2018-09-12,9.980,10.030,9.810,10.000,5930.400
2018-09-13,10.120,10.140,10.020,10.020,4627.600
2018-09-14,10.410,10.760,10.370,10.530,29507.250
2018-09-17,9.890,10.150,9.810,10.150,13540.430
2018-09-18,9.980,10.050,9.750,9.850,9079.000
2018-09-19,10.120,10.190,9.880,9.900,8368.250
2018-09-20,10.000,10.220,9.980,10.030,7088.200
2018-09-21,10.080,10.090,9.950,10.000,7409.000
2018-09-25,10.080,10.100,9.980,10.080,4799.800
2018-09-26,10.120,10.180,10.060,10.140,8651.200
2018-09-27,9.800,10.120,9.800,10.120,8386.800
2018-09-28,9.960,10.010,9.800,9.820,4833.000
2018-10-08,9.680,9.920,9.620,9.920,5103.000
2018-10-09,9.630,9.820,9.510,9.510,3687.000
2018-10-10,9.680,9.790,9.600,9.600,2245.000
2018-10-11,9.010,9.670,8.720,9.390,11608.000
2018-10-12,8.810,9.050,8.360,8.880,10658.000
2018-10-15,8.570,8.840,8.560,8.790,4489.000
2018-10-16,8.420,8.690,8.310,8.570,5107.000
2018-10-17,8.320,8.770,8.140,8.430,4932.000
2018-10-18,8.010,8.390,7.900,8.360,5527.270
2018-10-19,8.160,8.250,7.840,7.910,7733.000
2018-10-22,8.620,8.700,8.430,8.440,13361.000
2018-10-23,8.550,8.830,8.520,8.640,6958.000
2018-10-24,8.680,8.730,8.530,8.680,5359.640
2018-10-25,8.550,8.580,8.360,8.580,6079.400
2018-10-26,8.580,8.690,8.430,8.430,4878.580
2018-10-29,8.590,8.680,8.460,8.460,4080.320
2018-10-30,8.560,8.620,8.370,8.620,7340.000
2018-10-31,8.690,8.770,8.560,8.650,6976.000
2018-11-01,8.680,8.860,8.670,8.690,7173.000
2018-11-02,9.020,9.090,8.720,8.720,11588.000
2018-11-05,9.210,9.300,8.990,8.990,11396.000
2018-11-06,9.160,9.300,9.060,9.220,6491.000
2018-11-07,9.130,9.260,9.090,9.190,6062.000
2018-11-08,8.940,9.250,8.910,9.150,6938.000
2018-11-09,9.100,9.590,9.040,9.050,20502.000
2018-11-12,9.240,9.280,8.970,9.000,10798.000
2018-11-13,9.400,9.480,9.070,9.230,11828.360
2018-11-14,9.370,9.480,9.300,9.440,6664.900
2018-11-15,9.930,10.100,9.250,9.430,24299.000
2018-11-16,9.770,9.840,9.710,9.810,17704.000
2018-11-19,10.740,10.750,9.650,9.700,34227.000
2018-11-20,9.890,10.480,9.810,10.450,34844.210
2018-11-21,9.960,9.980,9.400,9.640,21532.520
2018-11-22,9.900,10.030,9.820,9.860,10829.510
2018-11-23,9.380,9.990,9.380,9.990,11381.000
2018-11-26,9.400,9.680,9.270,9.270,5327.000
2018-11-27,10.030,10.290,9.400,9.400,40245.390
2018-11-28,10.600,10.980,9.980,10.390,59492.490
2018-11-29,10.880,11.270,10.520,10.600,56844.600
2018-11-30,11.180,11.190,10.590,10.590,32887.560
2018-12-03,11.570,11.610,11.050,11.210,43667.990
2018-12-04,11.550,11.620,11.300,11.430,18545.470
2018-12-05,11.550,11.610,11.070,11.220,19100.600
2018-12-06,11.290,11.530,11.180,11.530,10774.540
2018-12-07,11.930,12.360,11.250,11.410,61090.000
2018-12-10,11.500,11.740,11.360,11.370,18368.000
2018-12-11,11.620,11.630,11.430,11.500,11736.000
2018-12-12,11.690,12.130,11.560,11.620,18321.150
2018-12-13,12.860,12.860,11.550,11.690,111468.280
2018-12-14,12.860,13.300,12.020,12.860,75642.400
2018-12-17,13.760,14.150,12.490,12.610,125087.000
2018-12-18,13.450,13.740,13.080,13.500,56979.000
2018-12-19,13.390,13.440,12.600,13.380,51729.000
2018-12-20,13.520,13.630,12.720,13.000,49408.000
2018-12-21,13.410,13.580,13.010,13.010,47908.000
2018-12-24,13.850,14.360,13.110,13.390,62285.000
2018-12-25,13.970,14.290,13.400,13.650,49346.000
2018-12-26,13.720,13.960,12.730,13.800,93987.000
2018-12-27,13.990,14.710,13.100,13.700,88480.000
2018-12-28,13.670,13.890,13.270,13.520,40754.000
2019-01-02,13.450,13.900,13.160,13.530,21839.730
2019-01-03,13.140,13.450,13.010,13.310,19145.920
2019-01-04,13.300,14.180,12.700,13.120,74920.630
2019-01-07,13.330,13.480,13.150,13.480,17433.320
2019-01-08,13.180,13.350,13.020,13.240,10734.200
2019-01-09,13.200,13.430,13.030,13.150,15130.200
2019-01-10,13.840,14.100,13.100,13.170,74658.400
2019-01-11,13.680,13.980,12.990,13.880,99532.520
2019-01-14,13.010,13.350,12.980,13.280,41539.160
2019-01-15,12.950,13.050,12.600,12.900,29582.800
2019-01-16,13.930,14.190,12.600,12.940,153821.330
2019-01-17,13.500,14.140,13.360,13.420,103526.090
2019-01-18,13.330,13.740,13.100,13.510,39420.000
2019-01-21,13.330,13.470,13.250,13.330,23240.000
2019-01-22,14.130,14.580,13.360,13.360,171305.000
2019-01-23,13.760,14.200,13.520,13.630,91468.200
2019-01-24,14.690,14.980,13.550,13.640,267297.130
2019-01-25,14.070,14.960,13.780,14.290,178825.200
2019-01-28,13.730,13.980,13.580,13.780,56547.000
2019-01-29,13.730,13.840,13.280,13.650,54951.000
2019-01-30,13.200,13.720,12.930,13.660,70160.000
2019-01-31,12.750,12.980,12.280,12.920,59584.000
2019-02-01,13.050,13.190,12.570,12.660,27002.000
2019-02-11,13.780,13.950,12.920,13.050,90629.000
2019-02-12,14.090,14.290,13.600,13.780,128057.000
2019-02-13,14.440,14.690,13.630,13.900,202800.490
2019-02-14,14.630,14.870,14.020,14.190,221127.530
2019-02-15,15.150,15.480,14.150,14.400,236747.330
2019-02-18,15.860,15.890,14.720,14.910,221081.000
2019-02-19,16.950,16.980,15.630,15.920,225097.000
2019-02-20,16.810,17.750,16.010,17.080,226824.000
2019-02-21,16.190,16.800,15.660,16.800,220305.000
2019-02-22,15.120,15.790,15.040,15.770,163155.000
2019-02-25,15.490,15.510,14.730,15.150,150909.000
2019-02-26,14.900,15.410,14.840,15.410,97987.000
2019-02-27,14.750,15.070,14.600,14.760,64226.000
2019-02-28,15.050,15.100,14.780,14.780,45820.000
2019-03-01,14.990,15.160,14.800,15.000,43395.400
2019-03-04,15.100,15.280,14.860,15.000,73051.060
2019-03-05,15.150,15.150,14.910,15.070,56847.000
2019-03-06,15.900,15.990,15.150,15.160,123459.870
2019-03-07,15.650,15.970,15.410,15.900,91836.990
2019-03-08,14.090,15.410,14.090,15.410,93650.200
2019-03-11,14.210,14.300,13.800,13.930,48189.640
2019-03-12,14.150,14.580,13.980,14.580,50074.150
2019-03-13,14.260,14.450,13.990,14.120,42382.890
2019-03-14,13.230,14.320,12.900,14.090,54852.960
2019-03-15,14.110,14.120,13.270,13.280,61021.020
2019-03-18,14.290,14.490,14.150,14.440,49220.000
2019-03-19,14.000,14.340,13.900,14.210,42545.000
2019-03-20,13.900,14.140,13.750,14.050,29427.000
2019-03-21,13.950,14.170,13.900,13.900,28498.200
2019-03-22,14.090,14.140,13.880,13.960,24948.660
2019-03-25,13.790,14.060,13.610,13.700,22767.460
2019-03-26,13.380,13.980,13.300,13.930,26582.730
2019-03-27,13.460,13.600,13.080,13.390,20966.970
2019-03-28,13.410,13.640,13.330,13.510,19219.000
2019-03-29,13.680,13.690,13.000,13.540,25284.000
2019-04-01,13.990,14.080,13.610,13.680,32390.000
2019-04-02,13.920,14.200,13.860,14.200,29407.800
2019-04-03,14.100,14.110,13.810,13.810,24880.000
2019-04-04,14.050,14.170,13.930,14.100,27353.000
2019-04-08,14.350,14.510,14.060,14.210,53827.000
2019-04-09,14.640,14.680,14.290,14.350,47202.000
2019-04-10,14.370,14.550,14.150,14.500,34718.000
2019-04-11,13.900,14.490,13.900,14.370,28062.000
2019-04-12,13.630,13.870,13.420,13.800,26729.800
2019-04-15,13.470,13.920,13.450,13.780,14792.600
2019-04-16,13.620,13.630,13.110,13.470,23746.000
2019-04-17,13.620,13.750,13.500,13.600,15880.000
2019-04-18,13.610,13.730,13.510,13.600,12858.000
2019-04-19,13.780,13.850,13.640,13.640,19105.000
2019-04-22,13.400,13.850,13.400,13.770,17935.000
2019-04-23,13.110,13.470,13.050,13.400,13899.000
2019-04-24,13.260,13.280,12.990,13.110,10755.600
2019-04-25,12.960,13.350,12.950,13.260,15352.000
2019-04-26,13.020,13.130,12.880,12.960,11626.000
2019-04-29,12.450,13.160,12.220,13.040,19902.000
2019-04-30,12.520,12.690,12.450,12.450,7538.000
2019-05-06,11.270,12.520,11.270,12.520,24099.000
2019-05-07,11.260,11.460,11.100,11.460,9202.000
2019-05-08,11.220,11.390,10.870,11.120,11168.000
2019-05-09,11.200,11.300,11.100,11.150,9437.000
2019-05-10,11.410,11.490,11.070,11.320,12321.000
2019-05-13,11.520,11.530,11.300,11.320,10012.000
2019-05-14,11.250,11.510,11.150,11.440,11840.000
2019-05-15,11.500,11.580,11.300,11.360,13332.000
2019-05-16,11.610,11.690,11.520,11.600,10710.600
2019-05-17,11.350,11.700,11.210,11.700,12822.390
2019-05-20,10.910,11.300,10.880,11.150,14388.400
2019-05-21,11.210,11.310,10.920,10.970,13894.590
2019-05-22,11.080,11.480,11.010,11.320,8533.400
2019-05-23,11.030,11.320,10.940,10.940,8071.250
2019-05-24,10.870,11.030,10.750,10.970,10244.080
2019-05-27,11.110,11.110,10.770,10.980,9214.600
2019-05-28,11.000,11.170,10.960,11.170,8395.200
2019-05-29,11.020,11.150,10.970,11.000,8267.000
2019-05-30,11.040,11.070,10.760,11.060,9945.000
2019-05-31,11.010,11.120,10.940,10.950,8529.000
2019-06-03,10.920,11.080,10.710,11.010,10480.000
2019-06-04,10.840,11.230,10.760,11.150,11762.000
2019-06-05,10.720,10.960,10.720,10.880,8303.000
2019-06-06,10.370,10.840,10.350,10.610,10683.010
2019-06-10,10.940,10.970,10.200,10.390,15103.200
2019-06-11,11.120,11.230,10.760,10.870,20691.000
2019-06-12,11.200,11.450,11.040,11.050,18011.000
2019-06-13,11.210,11.340,11.080,11.260,11609.400
2019-06-14,11.030,11.330,10.980,11.210,10315.070
2019-06-17,11.230,11.230,11.010,11.030,13907.000
2019-06-18,11.310,11.330,11.150,11.210,12491.150
2019-06-19,11.640,12.080,11.420,11.420,42203.940
2019-06-20,11.760,11.910,11.550,11.640,33566.790
2019-06-21,12.400,12.490,11.730,11.770,61416.000
2019-06-24,12.430,12.520,12.280,12.360,26880.000
2019-06-25,12.250,12.420,12.130,12.330,21781.000
2019-06-26,12.940,13.370,12.150,12.360,95552.000
2019-06-27,13.120,13.430,12.680,12.800,94938.000
2019-06-28,12.780,13.050,12.460,12.950,36645.000
2019-07-01,12.370,12.880,12.370,12.800,61089.000
2019-07-02,12.050,12.390,11.930,12.370,38820.000
2019-07-03,11.940,12.120,11.850,11.950,17277.000
2019-07-04,12.130,12.140,11.850,11.940,15422.000
2019-07-05,11.960,12.170,11.950,12.170,9108.000
2019-07-08,11.270,11.970,11.150,11.970,18652.070
2019-07-09,11.020,11.300,10.930,11.230,10468.800
2019-07-10,11.040,11.120,10.870,11.080,6385.080
2019-07-11,11.010,11.300,10.950,11.070,6499.950
2019-07-12,11.240,11.260,11.000,11.010,8850.990
2019-07-15,11.230,11.280,11.060,11.240,5445.000
2019-07-16,11.370,11.400,11.160,11.160,6549.000
2019-07-17,11.320,11.440,11.270,11.350,4337.000
2019-07-18,11.290,11.360,11.010,11.320,8430.000
2019-07-19,11.180,11.380,11.110,11.120,4516.000
2019-07-22,11.070,11.200,10.890,11.180,6618.000
2019-07-23,11.110,11.160,11.010,11.070,3634.000
2019-07-24,11.200,11.270,11.070,11.110,5294.000
2019-07-25,11.180,11.270,11.090,11.110,3868.000
2019-07-26,11.020,11.130,10.980,11.130,4113.000
2019-07-29,11.130,11.160,10.950,11.070,4869.000
2019-07-30,11.110,11.190,11.060,11.170,4216.000
2019-07-31,11.130,11.240,11.110,11.110,6177.000
2019-08-01,11.080,11.200,11.030,11.150,4961.000
2019-08-02,11.120,11.140,10.500,10.900,8195.000
2019-08-05,10.750,11.080,10.750,11.080,5947.200
2019-08-06,10.300,10.760,10.100,10.700,9684.600
2019-08-07,10.190,10.450,10.190,10.310,4632.200
2019-08-08,10.120,10.420,10.110,10.200,6805.000
2019-08-09,10.220,10.590,10.140,10.320,9496.000
2019-08-12,10.400,10.410,10.160,10.210,6908.000
2019-08-13,10.470,10.550,10.260,10.400,6973.600
2019-08-14,10.390,10.690,10.340,10.520,6087.000
2019-08-15,10.330,10.350,10.110,10.240,4335.190
2019-08-16,10.460,10.470,10.260,10.320,6090.590
2019-08-19,10.620,10.650,10.440,10.460,7935.000
2019-08-20,10.810,10.850,10.550,10.660,9204.000
2019-08-21,10.750,10.850,10.710,10.720,5458.000
2019-08-22,10.750,10.860,10.700,10.800,5712.000
2019-08-23,10.740,10.870,10.710,10.770,5303.000
2019-08-26,10.680,10.810,10.380,10.650,6963.000
2019-08-27,10.920,10.920,10.630,10.630,9228.000
2019-08-28,12.010,12.010,10.800,10.800,18337.000
2019-08-29,12.770,13.210,12.520,13.210,152583.000
2019-08-30,11.540,12.360,11.490,12.010,82730.000
2019-09-02,11.470,11.490,11.030,11.320,49626.000
2019-09-03,11.320,11.410,11.220,11.340,30704.000
2019-09-04,11.380,11.380,11.160,11.210,30861.000
2019-09-05,11.410,11.680,11.290,11.350,39225.000
2019-09-06,11.280,11.430,11.220,11.430,18734.000
2019-09-09,11.420,11.450,11.320,11.350,21897.000
2019-09-10,11.610,11.780,11.320,11.370,31852.000
2019-09-11,11.550,11.740,11.490,11.590,21442.000
2019-09-12,11.680,11.740,11.510,11.630,20608.000
2019-09-16,11.700,11.880,11.630,11.680,18179.000
2019-09-17,11.480,11.710,11.400,11.700,21123.000
2019-09-18,11.620,11.870,11.500,11.590,15668.000
2019-09-19,11.630,11.680,11.440,11.650,15166.000
2019-09-20,11.580,11.690,11.510,11.610,10273.000
2019-09-23,11.400,11.650,11.310,11.630,11170.000
2019-09-24,11.320,11.530,11.260,11.260,10336.000
2019-09-25,11.240,11.410,11.210,11.210,10563.000
2019-09-26,11.080,11.450,11.000,11.240,12079.000
2019-09-27,11.140,11.320,11.060,11.170,6650.000
2019-09-30,11.140,11.280,11.130,11.270,4728.000
2019-10-08,11.300,11.330,11.100,11.210,6339.000
2019-10-09,11.240,11.290,11.140,11.290,5306.000
2019-10-10,11.300,11.310,11.180,11.250,5267.000
2019-10-11,11.490,11.830,11.270,11.320,21554.000
2019-10-14,11.570,11.680,11.520,11.520,13972.000
2019-10-15,11.650,11.750,11.380,11.570,12158.000
2019-10-16,11.520,11.730,11.500,11.700,5896.000
2019-10-17,11.630,11.750,11.560,11.750,7042.000
2019-10-18,11.490,11.690,11.300,11.690,10544.000
2019-10-21,11.560,11.600,11.350,11.430,10223.000
2019-10-22,11.700,11.700,11.440,11.450,11865.830
2019-10-23,11.640,11.830,11.610,11.710,8504.000
2019-10-24,11.620,11.710,11.560,11.650,6655.050
2019-10-25,11.720,11.790,11.500,11.620,13820.200
2019-10-28,11.900,11.950,11.720,11.790,13250.600
2019-10-29,11.690,11.970,11.620,11.910,13503.000
2019-10-30,11.520,11.770,11.500,11.680,6478.000
2019-10-31,11.390,11.640,11.370,11.520,6142.000
2019-11-01,11.400,11.500,11.280,11.340,7930.000
2019-11-04,11.340,11.480,11.290,11.420,6229.000
2019-11-05,11.210,11.440,11.200,11.440,9722.400
2019-11-06,11.210,11.360,11.120,11.120,5328.600
2019-11-07,11.190,11.260,11.130,11.130,5469.400
2019-11-08,11.170,11.270,11.150,11.180,4841.000
2019-11-11,10.750,11.110,10.730,11.000,13554.000
2019-11-12,10.770,10.830,10.630,10.700,5079.000
2019-11-13,10.520,10.790,10.440,10.770,9100.000
2019-11-14,10.630,10.640,10.460,10.600,5118.000
2019-11-15,10.370,10.650,10.370,10.570,4669.000
2019-11-18,10.320,10.430,10.230,10.300,4228.000
2019-11-19,10.400,10.430,10.250,10.320,5452.000
2019-11-20,10.270,10.390,10.230,10.340,5621.000
2019-11-21,10.380,10.400,10.050,10.270,8151.000
2019-11-22,10.290,10.450,10.270,10.310,6450.000
2019-11-25,10.490,10.490,10.220,10.220,6026.000
2019-11-26,10.360,10.550,10.290,10.450,5842.000
2019-11-27,10.240,10.420,10.210,10.370,4362.000
2019-11-28,10.140,10.310,10.110,10.290,6011.040
2019-11-29,9.900,10.170,9.740,10.170,9345.000
2019-12-02,10.110,10.200,9.910,9.910,8689.000
2019-12-03,10.220,10.220,10.050,10.060,6820.000
2019-12-04,10.160,10.280,10.150,10.210,3956.000
2019-12-05,10.350,10.370,10.180,10.250,7185.000
2019-12-06,10.370,10.390,10.270,10.290,3824.000
2019-12-09,10.400,10.450,10.360,10.360,5320.000
2019-12-10,10.460,10.470,10.330,10.380,5433.000
2019-12-11,10.430,10.490,10.350,10.460,5315.000
2019-12-12,10.230,10.420,10.200,10.380,5724.000
2019-12-13,10.180,10.310,10.000,10.230,7844.000
2019-12-16,10.230,10.270,10.090,10.090,10061.000
2019-12-17,10.570,10.800,10.320,10.400,26206.000
2019-12-18,10.650,10.660,10.420,10.430,24856.000
2019-12-19,10.510,10.570,10.480,10.490,15949.000
2019-12-20,10.560,10.680,10.510,10.510,18121.520
2019-12-23,10.220,10.550,10.210,10.500,10093.850
2019-12-24,10.360,10.410,10.240,10.240,5791.000
2019-12-25,10.440,10.480,10.260,10.290,6193.000
2019-12-26,10.540,10.590,10.430,10.480,8729.000
2019-12-27,10.730,10.940,10.510,10.560,26741.000
2019-12-30,11.000,11.060,10.700,10.730,22437.320
2019-12-31,11.080,11.140,10.840,11.010,24753.710
2020-01-02,11.050,11.490,11.040,11.300,51383.020
2020-01-03,10.900,10.970,10.840,10.850,19690.000
2020-01-06,10.870,10.940,10.760,10.840,12615.000
2020-01-07,10.930,10.930,10.850,10.870,10967.000
2020-01-08,10.780,10.930,10.730,10.930,11300.000
2020-01-09,11.060,11.140,10.800,10.800,17841.000
2020-01-10,10.880,11.070,10.870,11.010,12019.000
2020-01-13,10.830,10.920,10.730,10.800,8375.000
2020-01-14,10.840,10.930,10.790,10.850,10157.000
2020-01-15,10.740,10.880,10.690,10.880,6677.000
2020-01-16,10.710,10.810,10.660,10.660,5135.880
2020-01-17,10.650,10.850,10.620,10.710,5528.000
2020-01-20,10.700,10.700,10.570,10.650,5236.000
2020-01-21,10.460,10.670,10.450,10.670,7098.000
2020-01-22,10.380,10.460,10.270,10.450,8958.000
2020-01-23,10.190,10.450,10.070,10.450,7104.000
2020-02-03,9.170,9.170,9.170,9.170,2738.000
2020-02-04,8.610,8.920,8.250,8.250,22295.000
2020-02-05,8.700,8.830,8.590,8.670,14738.000
2020-02-06,8.890,8.920,8.630,8.700,11943.000
2020-02-07,9.000,9.020,8.840,8.890,10199.000
2020-02-10,9.300,9.340,8.950,8.950,8474.000
2020-02-11,9.260,9.470,9.200,9.300,7920.000
2020-02-12,9.300,9.330,9.200,9.290,7175.000
2020-02-13,9.180,9.450,9.170,9.410,7463.000
2020-02-14,9.170,9.260,9.160,9.260,6502.000
2020-02-17,9.370,9.370,9.190,9.250,12432.000
2020-02-18,9.550,9.550,9.340,9.410,11861.000
2020-02-19,9.550,9.600,9.480,9.550,6941.000
2020-02-20,9.630,9.650,9.510,9.610,8114.000
2020-02-21,9.720,9.800,9.630,9.630,8917.000
2020-02-24,9.630,9.860,9.600,9.860,11607.000
2020-02-25,9.280,9.550,9.060,9.550,18504.000
2020-02-26,9.650,9.770,9.210,9.210,24293.000
2020-02-27,9.460,9.750,9.450,9.710,14646.000
2020-02-28,9.060,9.380,9.010,9.010,15333.000
2020-03-02,9.510,9.560,9.050,9.050,14537.000
2020-03-03,9.590,9.980,9.460,9.830,21865.000
2020-03-04,9.790,9.800,9.480,9.600,19029.000
2020-03-05,10.020,10.080,9.800,9.850,26370.000
2020-03-06,10.020,10.220,9.800,9.880,20312.000
2020-03-09,9.690,9.920,9.650,9.910,17212.600
2020-03-10,9.770,9.810,9.480,9.580,14486.170
2020-03-11,9.760,10.030,9.710,10.030,12437.200
2020-03-12,9.560,9.760,9.430,9.590,12748.400
2020-03-13,9.320,9.390,8.960,9.200,15843.940
2020-03-16,9.010,9.560,9.000,9.560,13780.400
2020-03-17,8.780,9.130,8.600,9.010,13659.600
2020-03-18,8.710,9.180,8.710,8.860,15148.800
2020-03-19,8.550,8.780,8.410,8.700,16167.710
2020-03-20,9.030,9.040,8.560,8.640,17077.720
2020-03-23,8.890,9.040,8.710,8.750,15958.600
2020-03-24,9.030,9.240,8.860,8.950,11297.100
2020-03-25,9.100,9.260,9.040,9.200,9171.500
2020-03-26,8.950,9.130,8.900,9.060,9227.900
2020-03-27,8.930,9.120,8.890,9.010,9479.000
